# Energy[GeV] Prob_e Prob_mu Prob_tau (medium_param = -1)
100  0.999279 0.000463761 0.000257627
100.926  1.00029 0.000456321 0.000253442
101.861  1.00083 0.000448508 0.000249001
102.804  1.00087 0.000440204 0.000244241
103.757  1.00039 0.000431283 0.000239094
104.718  0.999372 0.000421615 0.000233492
105.688  1.00034 0.000414706 0.000229618
106.666  1.00089 0.000407557 0.000225574
107.654  1.00094 0.000399995 0.00022126
108.652  1.00047 0.000391906 0.000216616
109.658  0.999458 0.00038317 0.000211579
110.674  1.00039 0.000376771 0.000208001
111.699  1.00094 0.000370238 0.000204321
112.733  1.001 0.000363356 0.000200414
113.777  1.00054 0.000356024 0.000196224
114.831  0.999539 0.000348134 0.000191694
115.895  1.00042 0.00034222 0.000188398
116.968  1.00099 0.000336255 0.000185051
118.052  1.00106 0.000329997 0.000181513
119.145  1.00061 0.000323354 0.000177733
120.249  0.999615 0.000316228 0.000173661
121.362  1.00046 0.000310774 0.000170629
122.486  1.00103 0.000305331 0.000167587
123.621  1.00111 0.000299643 0.000164385
124.766  1.00067 0.000293626 0.000160976
125.922  0.999686 0.000287192 0.000157314
127.088  1.00049 0.00028217 0.000154529
128.265  1.00107 0.000277208 0.000151766
129.453  1.00116 0.000272041 0.000148868
130.652  1.00073 0.000266592 0.000145793
131.862  0.999753 0.000260782 0.0001425
133.083  1.00051 0.000256166 0.000139947
134.316  1.0011 0.000251645 0.000137438
135.56  1.0012 0.000246952 0.000134816
136.816  1.00078 0.00024202 0.000132043
138.083  0.999816 0.000236774 0.000129081
139.362  1.00053 0.000232536 0.000126742
140.653  1.00113 0.000228419 0.000124465
141.955  1.00124 0.000224159 0.000122092
143.27  1.00083 0.000219694 0.000119591
144.597  0.999875 0.000214957 0.000116927
145.937  1.00055 0.000211072 0.000114788
147.288  1.00116 0.000207323 0.000112721
148.652  1.00127 0.000203457 0.000110575
150.029  1.00087 0.000199416 0.000108319
151.419  0.99993 0.000195139 0.000105922
152.821  1.00056 0.00019158 0.000103967
154.237  1.00118 0.00018817 0.000102092
155.665  1.00131 0.000184662 0.000100151
157.107  1.00091 0.000181004 9.81157e-05
158.562  0.999983 0.000177142 9.59585e-05
160.031  1.00057 0.000173885 9.41727e-05
161.513  1.0012 0.000170783 9.24721e-05
163.009  1.00133 0.0001676 9.07163e-05
164.519  1.00095 0.00016429 8.88805e-05
166.043  1.00003 0.000160803 8.69387e-05
167.581  1.00058 0.000157825 8.5309e-05
169.133  1.00122 0.000155004 8.37667e-05
170.699  1.00136 0.000152117 8.21785e-05
172.281  1.00099 0.000149121 8.05221e-05
173.876  1.00008 0.000145971 7.87738e-05
175.487  1.00058 0.00014325 7.72876e-05
177.112  1.00123 0.000140685 7.58889e-05
178.753  1.00138 0.000138067 7.44523e-05
180.408  1.00102 0.000135355 7.29575e-05
182.079  1.00012 0.00013251 7.13831e-05
183.766  1.00058 0.000130025 7.00285e-05
185.468  1.00124 0.000127694 6.87601e-05
187.186  1.00141 0.000125319 6.74605e-05
188.919  1.00106 0.000122865 6.61113e-05
190.669  1.00017 0.000120295 6.4693e-05
192.435  1.00059 0.000118027 6.3459e-05
194.217  1.00125 0.000115908 6.23088e-05
196.016  1.00143 0.000113754 6.11331e-05
197.832  1.00109 0.000111533 5.99151e-05
199.664  1.00021 0.000109211 5.86371e-05
201.514  1.00058 0.000107142 5.75133e-05
203.38  1.00126 0.000105217 5.64703e-05
205.264  1.00144 0.000103263 5.54066e-05
207.165  1.00111 0.000101253 5.43068e-05
209.084  1.00025 9.91537e-05 5.31549e-05
211.02  1.00058 9.72675e-05 5.21319e-05
212.975  1.00127 9.5518e-05 5.11861e-05
214.947  1.00146 9.37463e-05 5.02236e-05
216.938  1.00114 9.1926e-05 4.92304e-05
218.948  1.00028 9.0029e-05 4.81918e-05
220.976  1.00058 8.83097e-05 4.72608e-05
223.022  1.00127 8.67201e-05 4.64032e-05
225.088  1.00147 8.51133e-05 4.5532e-05
227.173  1.00117 8.34651e-05 4.46348e-05
229.277  1.00032 8.17501e-05 4.36982e-05
231.401  1.00057 8.01834e-05 4.28512e-05
233.544  1.00127 7.87392e-05 4.20734e-05
235.707  1.00149 7.72818e-05 4.12849e-05
237.89  1.00119 7.57894e-05 4.04742e-05
240.093  1.00035 7.42386e-05 3.96293e-05
242.317  1.00056 7.28114e-05 3.88588e-05
244.562  1.00128 7.14992e-05 3.81534e-05
246.827  1.0015 7.01773e-05 3.74396e-05
249.113  1.00121 6.88257e-05 3.6707e-05
251.42  1.00039 6.74232e-05 3.59445e-05
253.749  1.00055 6.61233e-05 3.52438e-05
256.099  1.00128 6.49312e-05 3.4604e-05
258.471  1.00151 6.3732e-05 3.39577e-05
260.865  1.00123 6.25078e-05 3.32954e-05
263.282  1.00042 6.12391e-05 3.26071e-05
265.72  1.00054 6.00555e-05 3.19699e-05
268.181  1.00128 5.89723e-05 3.13896e-05
270.665  1.00152 5.78845e-05 3.08043e-05
273.172  1.00125 5.67754e-05 3.02055e-05
275.702  1.00045 5.56276e-05 2.95841e-05
278.256  1.00053 5.45499e-05 2.90047e-05
280.833  1.00127 5.35657e-05 2.84782e-05
283.434  1.00153 5.25788e-05 2.79481e-05
286.06  1.00127 5.15739e-05 2.74066e-05
288.709  1.00048 5.05352e-05 2.68453e-05
291.383  1.00052 4.95541e-05 2.63186e-05
294.082  1.00127 4.86599e-05 2.58409e-05
296.806  1.00153 4.77644e-05 2.53607e-05
299.555  1.00129 4.68537e-05 2.48708e-05
302.329  1.00051 4.59136e-05 2.43637e-05
305.13  1.00051 4.50206e-05 2.38849e-05
307.956  1.00127 4.4208e-05 2.34514e-05
310.808  1.00154 4.33954e-05 2.30163e-05
313.687  1.0013 4.257e-05 2.25731e-05
316.592  1.00053 4.17189e-05 2.21148e-05
319.525  1.00049 4.09061e-05 2.16795e-05
322.484  1.00126 4.01678e-05 2.12862e-05
325.471  1.00155 3.94302e-05 2.08919e-05
328.486  1.00132 3.8682e-05 2.04907e-05
331.528  1.00056 3.79113e-05 2.00765e-05
334.599  1.00048 3.71716e-05 1.96808e-05
337.698  1.00126 3.65006e-05 1.93238e-05
340.826  1.00155 3.58311e-05 1.89664e-05
343.983  1.00134 3.51528e-05 1.86032e-05
347.169  1.00059 3.44548e-05 1.82287e-05
350.384  1.00046 3.37816e-05 1.7869e-05
353.63  1.00125 3.31718e-05 1.75449e-05
356.905  1.00156 3.25641e-05 1.72209e-05
360.211  1.00135 3.1949e-05 1.68921e-05
363.547  1.00061 3.13167e-05 1.65533e-05
366.914  1.00045 3.07041e-05 1.62264e-05
370.313  1.00125 3.01498e-05 1.59322e-05
373.743  1.00156 2.9598e-05 1.56384e-05
377.204  1.00136 2.90402e-05 1.53406e-05
380.698  1.00064 2.84673e-05 1.50341e-05
384.224  1.00043 2.79098e-05 1.47369e-05
387.783  1.00124 2.7406e-05 1.44698e-05
391.375  1.00156 2.6905e-05 1.42033e-05
395  1.00138 2.6399e-05 1.39336e-05
398.658  1.00066 2.58798e-05 1.36562e-05
402.351  1.00041 2.53725e-05 1.33861e-05
406.077  1.00123 2.49145e-05 1.31435e-05
409.838  1.00156 2.44595e-05 1.29018e-05
413.634  1.00139 2.40005e-05 1.26574e-05
417.466  1.00068 2.35298e-05 1.24063e-05
421.332  1.0004 2.30682e-05 1.21607e-05
425.235  1.00122 2.26519e-05 1.19404e-05
429.173  1.00157 2.22386e-05 1.17211e-05
433.148  1.0014 2.18221e-05 1.14996e-05
437.16  1.00071 2.13954e-05 1.12723e-05
441.209  1.00038 2.09754e-05 1.10491e-05
445.296  1.00121 2.05968e-05 1.08489e-05
449.42  1.00157 2.02214e-05 1.065e-05
453.583  1.00141 1.98434e-05 1.04492e-05
457.784  1.00073 1.94565e-05 1.02433e-05
462.024  1.00036 1.90743e-05 1.00404e-05
466.303  1.0012 1.873e-05 9.85853e-06
470.622  1.00157 1.8389e-05 9.67798e-06
474.981  1.00142 1.80459e-05 9.49594e-06
479.381  1.00075 1.76951e-05 9.30946e-06
483.821  1.00034 1.73472e-05 9.12492e-06
488.302  1.0012 1.70341e-05 8.95972e-06
492.825  1.00157 1.67243e-05 8.79583e-06
497.39  1.00143 1.64128e-05 8.63075e-06
501.997  1.00077 1.60946e-05 8.4618e-06
506.646  1.00032 1.5778e-05 8.294e-06
511.339  1.00118 1.54933e-05 8.14388e-06
516.075  1.00157 1.52117e-05 7.9951e-06
520.855  1.00144 1.49289e-05 7.84536e-06
525.679  1.00079 1.46402e-05 7.69225e-06
530.548  1.0003 1.43521e-05 7.53968e-06
535.462  1.00117 1.40932e-05 7.40323e-06
540.422  1.00157 1.38373e-05 7.26814e-06
545.427  1.00145 1.35805e-05 7.1323e-06
550.479  1.00081 1.33185e-05 6.99351e-06
555.578  1.00028 1.30563e-05 6.85477e-06
560.723  1.00116 1.28207e-05 6.73075e-06
565.917  1.00157 1.25881e-05 6.60807e-06
571.159  1.00146 1.23549e-05 6.48482e-06
576.449  1.00083 1.21171e-05 6.35898e-06
581.788  1.00026 1.18785e-05 6.23281e-06
587.177  1.00115 1.16642e-05 6.12007e-06
592.615  1.00156 1.14528e-05 6.00863e-06
598.104  1.00147 1.12409e-05 5.89678e-06
603.644  1.00085 1.10251e-05 5.78267e-06
609.235  1.00024 1.0808e-05 5.66792e-06
614.878  1.00114 1.0613e-05 5.56541e-06
620.573  1.00156 1.04207e-05 5.46418e-06
626.321  1.00148 1.02283e-05 5.36266e-06
632.122  1.00087 1.00324e-05 5.25916e-06
637.977  1.00022 9.83469e-06 5.15479e-06
643.886  1.00113 9.65726e-06 5.06158e-06
649.85  1.00156 9.4825e-06 4.96961e-06
655.869  1.00149 9.30764e-06 4.87744e-06
661.943  1.00089 9.12974e-06 4.78354e-06
668.074  1.0002 8.94981e-06 4.68862e-06
674.262  1.00112 8.78835e-06 4.60385e-06
680.507  1.00156 8.62943e-06 4.52027e-06
686.81  1.0015 8.47053e-06 4.43658e-06
693.172  1.00091 8.30898e-06 4.35139e-06
699.592  1.00017 8.14521e-06 4.26503e-06
706.072  1.0011 7.99826e-06 4.18793e-06
712.612  1.00155 7.85373e-06 4.11198e-06
719.212  1.0015 7.70932e-06 4.03597e-06
725.873  1.00093 7.5626e-06 3.95866e-06
732.597  1.00015 7.41351e-06 3.8801e-06
739.382  1.00109 7.27977e-06 3.80997e-06
746.23  1.00155 7.14831e-06 3.74093e-06
753.142  1.00151 7.01705e-06 3.67189e-06
760.118  1.00095 6.88377e-06 3.60172e-06
767.158  1.00013 6.74805e-06 3.53025e-06
774.264  1.00108 6.62631e-06 3.46645e-06
781.435  1.00155 6.50674e-06 3.40368e-06
788.673  1.00152 6.38742e-06 3.34097e-06
795.978  1.00096 6.26633e-06 3.27727e-06
803.35  1.00011 6.14277e-06 3.21224e-06
810.791  1.00106 6.03195e-06 3.15419e-06
818.301  1.00154 5.92317e-06 3.09713e-06
825.88  1.00152 5.81469e-06 3.04015e-06
833.529  1.00098 5.70468e-06 2.98231e-06
841.25  1.00008 5.59218e-06 2.92314e-06
849.042  1.00105 5.49129e-06 2.87032e-06
856.906  1.00154 5.39232e-06 2.81843e-06
864.842  1.00153 5.29368e-06 2.76665e-06
872.853  1.001 5.19371e-06 2.71412e-06
880.937  1.00006 5.09129e-06 2.66029e-06
889.097  1.00104 4.99943e-06 2.61222e-06
897.332  1.00154 4.90938e-06 2.56503e-06
905.643  1.00154 4.81968e-06 2.51797e-06
914.031  1.00101 4.72882e-06 2.47026e-06
922.497  1.00004 4.63557e-06 2.42127e-06
931.041  1.00102 4.55193e-06 2.37752e-06
939.665  1.00153 4.46998e-06 2.3346e-06
948.368  1.00154 4.3884e-06 2.29183e-06
957.152  1.00103 4.30582e-06 2.24849e-06
966.017  1.00001 4.22091e-06 2.20391e-06
974.965  1.00101 4.14475e-06 2.16408e-06
983.995  1.00153 4.07016e-06 2.12504e-06
993.109  1.00155 3.99597e-06 2.08616e-06
1002.31  1.00105 3.9209e-06 2.04679e-06
1011.59  1 3.84362e-06 2.00623e-06
1020.96  1.00099 3.77422e-06 1.96996e-06
1030.42  1.00152 3.70633e-06 1.93444e-06
1039.96  1.00155 3.63884e-06 1.89909e-06
1049.59  1.00106 3.57059e-06 1.86332e-06
1059.31  1.00003 3.50037e-06 1.82648e-06
1069.13  1.00098 3.43701e-06 1.79338e-06
1079.03  1.00152 3.37523e-06 1.76107e-06
1089.02  1.00156 3.31383e-06 1.72892e-06
1099.11  1.00108 3.25177e-06 1.69641e-06
1109.29  1.00005 3.18796e-06 1.66296e-06
1119.56  1.00096 3.13012e-06 1.63275e-06
1129.93  1.00151 3.07387e-06 1.60334e-06
1140.4  1.00156 3.01801e-06 1.57411e-06
1150.96  1.00109 2.96158e-06 1.54456e-06
1161.62  1.00008 2.90358e-06 1.51417e-06
1172.38  1.00095 2.85078e-06 1.4866e-06
1183.24  1.0015 2.79957e-06 1.45984e-06
1194.2  1.00157 2.74874e-06 1.43326e-06
1205.26  1.00111 2.69743e-06 1.4064e-06
1216.42  1.00011 2.64471e-06 1.37879e-06
1227.69  1.00093 2.59651e-06 1.35363e-06
1239.06  1.0015 2.54989e-06 1.32927e-06
1250.54  1.00157 2.50363e-06 1.30509e-06
1262.12  1.00112 2.45696e-06 1.28068e-06
1273.81  1.00013 2.40903e-06 1.25559e-06
1285.61  1.00091 2.36504e-06 1.23263e-06
1297.52  1.00149 2.32259e-06 1.21046e-06
1309.54  1.00158 2.28049e-06 1.18846e-06
1321.66  1.00114 2.23804e-06 1.16626e-06
1333.91  1.00016 2.19447e-06 1.14346e-06
1346.26  1.0009 2.15431e-06 1.12251e-06
1358.73  1.00149 2.11565e-06 1.10233e-06
1371.31  1.00158 2.07734e-06 1.08232e-06
1384.02  1.00115 2.03872e-06 1.06213e-06
1396.84  1.00018 1.9991e-06 1.04141e-06
1409.77  1.00088 1.96244e-06 1.02229e-06
1422.83  1.00148 1.92724e-06 1.00392e-06
1436.01  1.00158 1.89237e-06 9.85712e-07
1449.31  1.00117 1.85724e-06 9.67354e-07
1462.73  1.00021 1.82121e-06 9.48522e-07
1476.28  1.00087 1.78775e-06 9.31068e-07
1489.96  1.00147 1.75569e-06 9.14345e-07
1503.76  1.00159 1.72395e-06 8.97777e-07
1517.68  1.00118 1.69199e-06 8.81081e-07
1531.74  1.00024 1.65922e-06 8.63962e-07
1545.93  1.00085 1.62868e-06 8.48034e-07
1560.25  1.00147 1.59948e-06 8.32807e-07
1574.7  1.00159 1.57058e-06 8.1773e-07
1589.28  1.00119 1.5415e-06 8.02544e-07
1604  1.00026 1.5117e-06 7.8698e-07
1618.86  1.00083 1.48382e-06 7.72444e-07
1633.85  1.00146 1.45723e-06 7.5858e-07
1648.99  1.00159 1.43092e-06 7.44857e-07
1664.26  1.00121 1.40446e-06 7.31044e-07
1679.67  1.00028 1.37735e-06 7.16893e-07
1695.23  1.00081 1.3519e-06 7.03628e-07
1710.93  1.00145 1.32768e-06 6.91002e-07
1726.78  1.00159 1.30373e-06 6.78512e-07
1742.77  1.00122 1.27964e-06 6.65945e-07
1758.92  1.00031 1.25499e-06 6.53078e-07
1775.21  1.0008 1.23176e-06 6.40972e-07
1791.65  1.00144 1.20969e-06 6.29474e-07
1808.24  1.0016 1.18789e-06 6.18105e-07
1824.99  1.00123 1.16597e-06 6.06672e-07
1841.9  1.00033 1.14354e-06 5.9497e-07
1858.96  1.00078 1.12234e-06 5.83923e-07
1876.17  1.00143 1.10223e-06 5.73451e-07
1893.55  1.0016 1.08238e-06 5.63101e-07
1911.09  1.00125 1.06243e-06 5.52698e-07
1928.79  1.00036 1.04203e-06 5.42056e-07
1946.66  1.00076 1.02267e-06 5.31975e-07
1964.69  1.00143 1.00435e-06 5.22436e-07
1982.88  1.0016 9.86273e-07 5.13014e-07
2001.25  1.00126 9.68114e-07 5.03548e-07
2019.79  1.00038 9.49552e-07 4.93868e-07
2038.49  1.00074 9.31887e-07 4.84668e-07
2057.37  1.00142 9.15199e-07 4.7598e-07
2076.43  1.0016 8.98732e-07 4.67401e-07
2095.66  1.00127 8.82202e-07 4.58787e-07
2115.07  1.0004 8.65313e-07 4.49982e-07
2134.66  1.00072 8.49189e-07 4.41586e-07
2154.43  1.00141 8.33984e-07 4.33671e-07
2174.39  1.0016 8.18987e-07 4.25861e-07
2194.53  1.00128 8.0394e-07 4.18021e-07
2214.86  1.00043 7.88572e-07 4.10011e-07
2235.37  1.00071 7.73855e-07 4.02349e-07
2256.07  1.0014 7.6e-07 3.95139e-07
2276.97  1.0016 7.46341e-07 3.88027e-07
2298.06  1.0013 7.32642e-07 3.80891e-07
2319.35  1.00045 7.18658e-07 3.73604e-07
2340.83  1.00069 7.05225e-07 3.66613e-07
2362.51  1.00139 6.926e-07 3.60044e-07
2384.39  1.00161 6.80159e-07 3.53567e-07
2406.48  1.00131 6.67687e-07 3.47072e-07
2428.76  1.00047 6.5496e-07 3.40442e-07
2451.26  1.00067 6.427e-07 3.34062e-07
2473.96  1.00138 6.31196e-07 3.28077e-07
2496.88  1.00161 6.19863e-07 3.22178e-07
2520  1.00132 6.08507e-07 3.16266e-07
2543.35  1.00049 5.96925e-07 3.10234e-07
2566.9  1.00065 5.85735e-07 3.04411e-07
2590.68  1.00137 5.75251e-07 2.98958e-07
2614.67  1.00161 5.64927e-07 2.93586e-07
2638.89  1.00133 5.54588e-07 2.88204e-07
2663.33  1.00052 5.44046e-07 2.82715e-07
2688  1.00063 5.33833e-07 2.77402e-07
2712.9  1.00136 5.24278e-07 2.72433e-07
2738.03  1.00161 5.14874e-07 2.6754e-07
2763.39  1.00134 5.05459e-07 2.6264e-07
2788.98  1.00054 4.95864e-07 2.57645e-07
2814.81  1.00061 4.86542e-07 2.52797e-07
2840.88  1.00135 4.77834e-07 2.48269e-07
2867.2  1.00161 4.69267e-07 2.43812e-07
2893.75  1.00135 4.60693e-07 2.39351e-07
2920.56  1.00056 4.51959e-07 2.34805e-07
2947.61  1.00059 4.43452e-07 2.30381e-07
2974.91  1.00134 4.35515e-07 2.26254e-07
3002.46  1.00161 4.2771e-07 2.22195e-07
3030.27  1.00136 4.19902e-07 2.18133e-07
3058.34  1.00058 4.11952e-07 2.13996e-07
3086.66  1.00057 4.04187e-07 2.09958e-07
3115.25  1.00133 3.96953e-07 2.06198e-07
3144.11  1.00161 3.89842e-07 2.025e-07
3173.23  1.00137 3.82731e-07 1.98802e-07
3202.62  1.0006 3.75494e-07 1.95037e-07
3232.28  1.00055 3.68407e-07 1.91352e-07
3262.22  1.00132 3.61814e-07 1.87925e-07
3292.44  1.00161 3.55334e-07 1.84556e-07
3322.93  1.00138 3.48858e-07 1.81188e-07
3353.71  1.00062 3.42269e-07 1.77761e-07
3384.77  1.00053 3.35802e-07 1.74399e-07
3416.12  1.00131 3.29792e-07 1.71275e-07
3447.76  1.00161 3.23888e-07 1.68206e-07
3479.7  1.00139 3.1799e-07 1.65139e-07
3511.93  1.00064 3.11991e-07 1.6202e-07
3544.46  1.00051 3.06089e-07 1.58952e-07
3577.29  1.0013 3.0061e-07 1.56105e-07
3610.42  1.0016 2.9523e-07 1.53309e-07
3643.86  1.0014 2.89858e-07 1.50516e-07
3677.61  1.00066 2.84397e-07 1.47676e-07
3711.67  1.00049 2.7901e-07 1.44876e-07
3746.05  1.00129 2.74016e-07 1.42281e-07
3780.75  1.0016 2.69114e-07 1.39734e-07
3815.76  1.00141 2.6422e-07 1.3719e-07
3851.11  1.00068 2.59248e-07 1.34605e-07
3886.78  1.00047 2.54332e-07 1.3205e-07
3922.78  1.00128 2.49779e-07 1.29685e-07
3959.11  1.0016 2.45312e-07 1.27364e-07
3995.78  1.00142 2.40854e-07 1.25047e-07
4032.79  1.0007 2.36327e-07 1.22694e-07
4070.14  1.00045 2.31841e-07 1.20362e-07
4107.84  1.00127 2.2769e-07 1.18206e-07
4145.89  1.0016 2.23619e-07 1.16091e-07
4184.29  1.00143 2.19559e-07 1.13981e-07
4223.04  1.00072 2.15436e-07 1.11839e-07
4262.16  1.00043 2.11342e-07 1.09711e-07
4301.64  1.00125 2.07558e-07 1.07746e-07
4341.48  1.0016 2.03848e-07 1.05819e-07
4381.69  1.00144 2.00149e-07 1.03897e-07
4422.27  1.00074 1.96395e-07 1.01946e-07
4463.23  1.0004 1.92659e-07 1.00005e-07
4504.57  1.00124 1.89209e-07 9.82132e-08
4546.3  1.0016 1.85828e-07 9.6457e-08
4588.4  1.00144 1.82458e-07 9.47064e-08
4630.9  1.00076 1.7904e-07 9.29301e-08
4673.8  1.00038 1.7563e-07 9.11588e-08
4717.08  1.00123 1.72485e-07 8.95256e-08
4760.78  1.00159 1.69403e-07 8.79251e-08
4804.87  1.00145 1.66334e-07 8.63305e-08
4849.37  1.00078 1.6322e-07 8.47131e-08
4894.29  1.00036 1.60109e-07 8.30969e-08
4939.62  1.00122 1.57241e-07 8.16079e-08
4985.37  1.00159 1.54433e-07 8.01494e-08
5031.55  1.00146 1.51636e-07 7.86968e-08
5078.15  1.0008 1.48801e-07 7.7224e-08
5125.19  1.00034 1.45962e-07 7.57492e-08
5172.66  1.00121 1.43347e-07 7.43917e-08
5220.57  1.00159 1.40787e-07 7.30626e-08
5268.92  1.00147 1.38239e-07 7.17393e-08
5317.72  1.00082 1.35657e-07 7.03981e-08
5366.98  1.00032 1.33066e-07 6.90525e-08
5416.69  1.00119 1.30682e-07 6.78148e-08
5466.86  1.00159 1.28349e-07 6.66035e-08
5517.49  1.00148 1.26027e-07 6.53979e-08
5568.6  1.00084 1.23676e-07 6.41766e-08
5620.17  1.0003 1.21312e-07 6.29488e-08
5672.23  1.00118 1.19138e-07 6.18204e-08
5724.77  1.00158 1.17011e-07 6.07163e-08
5777.79  1.00148 1.14896e-07 5.9618e-08
5831.31  1.00086 1.12754e-07 5.85058e-08
5885.32  1.00027 1.10597e-07 5.73855e-08
5939.83  1.00117 1.08615e-07 5.63566e-08
5994.84  1.00158 1.06676e-07 5.53504e-08
6050.37  1.00149 1.04749e-07 5.43497e-08
6106.41  1.00087 1.02798e-07 5.33368e-08
6162.97  1.00025 1.0083e-07 5.23146e-08
6220.05  1.00115 9.90222e-08 5.13765e-08
6277.66  1.00158 9.72553e-08 5.04594e-08
6335.8  1.0015 9.54992e-08 4.95477e-08
6394.49  1.00089 9.37226e-08 4.86252e-08
6453.72  1.00023 9.19262e-08 4.76925e-08
6513.49  1.00114 9.0278e-08 4.68372e-08
6573.82  1.00157 8.86673e-08 4.60012e-08
6634.71  1.0015 8.70672e-08 4.51706e-08
6696.16  1.00091 8.54489e-08 4.43304e-08
6758.18  1.0002 8.38098e-08 4.34794e-08
6820.78  1.00113 8.23068e-08 4.26995e-08
6883.95  1.00157 8.08386e-08 4.19375e-08
6947.71  1.00151 7.93805e-08 4.11806e-08
7012.06  1.00093 7.79065e-08 4.04154e-08
7077.01  1.00018 7.64109e-08 3.9639e-08
7142.56  1.00111 7.50402e-08 3.89278e-08
7208.72  1.00157 7.37018e-08 3.82332e-08
7275.48  1.00152 7.23731e-08 3.75436e-08
7342.87  1.00094 7.10305e-08 3.68466e-08
7410.88  1.00016 6.96658e-08 3.61382e-08
7479.52  1.0011 6.84159e-08 3.54897e-08
7548.8  1.00156 6.71958e-08 3.48566e-08
7618.72  1.00152 6.5985e-08 3.42282e-08
7689.28  1.00096 6.47619e-08 3.35933e-08
7760.5  1.00013 6.35168e-08 3.2947e-08
7832.38  1.00108 6.23769e-08 3.23556e-08
7904.93  1.00156 6.12646e-08 3.17785e-08
7978.14  1.00153 6.01613e-08 3.12059e-08
8052.04  1.00098 5.90471e-08 3.06276e-08
8126.62  1.00011 5.79111e-08 3.0038e-08
8201.89  1.00107 5.68715e-08 2.94987e-08
8277.86  1.00155 5.58575e-08 2.89725e-08
8354.53  1.00153 5.4852e-08 2.84508e-08
8431.91  1.00099 5.38371e-08 2.7924e-08
8510.01  1.00009 5.28005e-08 2.73861e-08
8588.83  1.00105 5.18525e-08 2.68943e-08
8668.38  1.00155 5.09281e-08 2.64146e-08
8748.67  1.00154 5.00117e-08 2.59391e-08
8829.7  1.00101 4.90871e-08 2.54593e-08
8911.48  1.00006 4.81414e-08 2.49685e-08
8994.02  1.00104 4.72768e-08 2.45201e-08
9077.33  1.00154 4.6434e-08 2.40828e-08
9161.4  1.00155 4.55989e-08 2.36495e-08
9246.26  1.00103 4.47566e-08 2.32124e-08
9331.9  1.00004 4.38938e-08 2.27647e-08
9418.33  1.00102 4.31053e-08 2.23557e-08
9505.57  1.00154 4.23369e-08 2.1957e-08
9593.61  1.00155 4.15758e-08 2.15621e-08
9682.47  1.00104 4.08084e-08 2.1164e-08
9772.15  1.00001 4.00212e-08 2.07555e-08
9862.66  1.00101 3.93021e-08 2.03825e-08
9954.01  1.00153 3.86015e-08 2.00191e-08
10046.2  1.00156 3.79079e-08 1.96592e-08
10139.3  1.00106 3.72088e-08 1.92965e-08
10233.2  1.00001 3.64912e-08 1.89242e-08
10327.9  1.00099 3.58347e-08 1.85837e-08
10423.6  1.00153 3.5196e-08 1.82523e-08
10520.2  1.00156 3.45638e-08 1.79244e-08
10617.6  1.00107 3.39269e-08 1.75939e-08
10715.9  1.00004 3.32734e-08 1.72549e-08
10815.2  1.00098 3.26735e-08 1.69437e-08
10915.4  1.00152 3.20911e-08 1.66416e-08
11016.5  1.00156 3.15149e-08 1.63427e-08
11118.5  1.00109 3.09347e-08 1.60417e-08
11221.5  1.00007 3.03395e-08 1.57329e-08
11325.4  1.00096 2.97913e-08 1.54486e-08
11430.3  1.00151 2.92604e-08 1.51732e-08
11536.2  1.00157 2.87352e-08 1.49008e-08
11643  1.0011 2.82065e-08 1.46265e-08
11750.9  1.00009 2.76645e-08 1.43453e-08
11859.7  1.00095 2.71636e-08 1.40856e-08
11969.6  1.00151 2.66795e-08 1.38345e-08
12080.4  1.00157 2.62008e-08 1.35862e-08
12192.3  1.00112 2.57191e-08 1.33363e-08
12305.2  1.00012 2.52255e-08 1.30802e-08
12419.2  1.00093 2.47678e-08 1.28429e-08
12534.2  1.0015 2.43263e-08 1.26139e-08
12650.3  1.00158 2.38901e-08 1.23876e-08
12767.5  1.00113 2.34512e-08 1.216e-08
12885.8  1.00014 2.30016e-08 1.19268e-08
13005.1  1.00091 2.25834e-08 1.17099e-08
13125.6  1.00149 2.21809e-08 1.15011e-08
13247.1  1.00158 2.17832e-08 1.12949e-08
13369.8  1.00115 2.13834e-08 1.10875e-08
13493.7  1.00017 2.09739e-08 1.08751e-08
13618.7  1.0009 2.05918e-08 1.06769e-08
13744.8  1.00149 2.02248e-08 1.04866e-08
13872.1  1.00158 1.98623e-08 1.02986e-08
14000.6  1.00116 1.9498e-08 1.01096e-08
14130.3  1.00019 1.9125e-08 9.91618e-09
14261.1  1.00088 1.87759e-08 9.73516e-09
14393.2  1.00148 1.84413e-08 9.56161e-09
14526.5  1.00159 1.81109e-08 9.39026e-09
14661.1  1.00117 1.77789e-08 9.21808e-09
14796.9  1.00022 1.74392e-08 9.04189e-09
14933.9  1.00086 1.71203e-08 8.87651e-09
15072.3  1.00147 1.68151e-08 8.71827e-09
15211.9  1.00159 1.6514e-08 8.56209e-09
15352.8  1.00119 1.62115e-08 8.40521e-09
15495  1.00024 1.59021e-08 8.24473e-09
15638.5  1.00085 1.56107e-08 8.09365e-09
15783.3  1.00147 1.53325e-08 7.94936e-09
15929.5  1.00159 1.50579e-08 7.80699e-09
16077  1.0012 1.47823e-08 7.66405e-09
16226  1.00027 1.45005e-08 7.51788e-09
16376.2  1.00083 1.42343e-08 7.37987e-09
16527.9  1.00146 1.39806e-08 7.2483e-09
16681  1.00159 1.37303e-08 7.11853e-09
16835.5  1.00121 1.34792e-08 6.98829e-09
16991.4  1.00029 1.32225e-08 6.85515e-09
17148.8  1.00081 1.29793e-08 6.72908e-09
17307.7  1.00145 1.27479e-08 6.6091e-09
17468  1.0016 1.25198e-08 6.49082e-09
17629.8  1.00123 1.2291e-08 6.37214e-09
17793  1.00032 1.20571e-08 6.25087e-09
17957.8  1.00079 1.1835e-08 6.13571e-09
18124.2  1.00144 1.1624e-08 6.02631e-09
18292  1.0016 1.14161e-08 5.91848e-09
18461.5  1.00124 1.12076e-08 5.81034e-09
18632.5  1.00034 1.09946e-08 5.69988e-09
18805  1.00078 1.07917e-08 5.59469e-09
18979.2  1.00143 1.05993e-08 5.49493e-09
19155  1.0016 1.04097e-08 5.39664e-09
19332.4  1.00125 1.02197e-08 5.2981e-09
19511.5  1.00036 1.00257e-08 5.19748e-09
19692.2  1.00076 9.84034e-09 5.1014e-09
19874.6  1.00143 9.66488e-09 5.01043e-09
20058.7  1.0016 9.49208e-09 4.92083e-09
20244.5  1.00126 9.31891e-09 4.83103e-09
20432  1.00039 9.14217e-09 4.73939e-09
20621.2  1.00074 8.97289e-09 4.65162e-09
20812.2  1.00142 8.81289e-09 4.56867e-09
21005  1.0016 8.65536e-09 4.48699e-09
21199.5  1.00128 8.49756e-09 4.40516e-09
21395.9  1.00041 8.33656e-09 4.32168e-09
21594.1  1.00072 8.18195e-09 4.24152e-09
21794.1  1.00141 8.03603e-09 4.16587e-09
21995.9  1.0016 7.89243e-09 4.09141e-09
22199.7  1.00129 7.74862e-09 4.01685e-09
22405.3  1.00043 7.60196e-09 3.94081e-09
22612.8  1.0007 7.46075e-09 3.86759e-09
22822.2  1.0014 7.32768e-09 3.7986e-09
23033.6  1.00161 7.19677e-09 3.73073e-09
23247  1.0013 7.06572e-09 3.66278e-09
23462.3  1.00046 6.93212e-09 3.59351e-09
23679.6  1.00068 6.80314e-09 3.52664e-09
23898.9  1.00139 6.68179e-09 3.46373e-09
24120.3  1.00161 6.56244e-09 3.40185e-09
24343.7  1.00131 6.44302e-09 3.33993e-09
24569.2  1.00048 6.32131e-09 3.27683e-09
24796.7  1.00066 6.20352e-09 3.21576e-09
25026.4  1.00138 6.09285e-09 3.15839e-09
25258.2  1.00161 5.98405e-09 3.10198e-09
25492.1  1.00132 5.87521e-09 3.04555e-09
25728.3  1.0005 5.76434e-09 2.98807e-09
25966.6  1.00065 5.65676e-09 2.9323e-09
26207.1  1.00137 5.55584e-09 2.87997e-09
26449.8  1.00161 5.45664e-09 2.82855e-09
26694.8  1.00133 5.35745e-09 2.77712e-09
26942  1.00052 5.25645e-09 2.72476e-09
27191.6  1.00063 5.15821e-09 2.67383e-09
27443.4  1.00136 5.06617e-09 2.62611e-09
27697.6  1.00161 4.97573e-09 2.57923e-09
27954.2  1.00134 4.88534e-09 2.53236e-09
28213.1  1.00054 4.79333e-09 2.48466e-09
28474.4  1.00061 4.70361e-09 2.43815e-09
28738.1  1.00135 4.61967e-09 2.39463e-09
29004.3  1.00161 4.53722e-09 2.35189e-09
29272.9  1.00135 4.45484e-09 2.30918e-09
29544.1  1.00057 4.37102e-09 2.26572e-09
29817.7  1.00059 4.28909e-09 2.22325e-09
30093.9  1.00134 4.21253e-09 2.18357e-09
30372.6  1.00161 4.13736e-09 2.1446e-09
30654  1.00136 4.06228e-09 2.10568e-09
30937.9  1.00059 3.98592e-09 2.06609e-09
31224.4  1.00057 3.91111e-09 2.0273e-09
31513.6  1.00133 3.84128e-09 1.99111e-09
31805.5  1.00161 3.77275e-09 1.95558e-09
32100.1  1.00137 3.70433e-09 1.92011e-09
32397.4  1.00061 3.63476e-09 1.88404e-09
32697.5  1.00055 3.56644e-09 1.84863e-09
33000.3  1.00132 3.50276e-09 1.81562e-09
33306  1.00161 3.44028e-09 1.78323e-09
33614.5  1.00138 3.37792e-09 1.7509e-09
33925.8  1.00063 3.31454e-09 1.71804e-09
34240.1  1.00053 3.25216e-09 1.68571e-09
34557.2  1.00131 3.19408e-09 1.6556e-09
34877.3  1.00161 3.13712e-09 1.62607e-09
35200.3  1.00139 3.08028e-09 1.59661e-09
35526.3  1.00065 3.02254e-09 1.56667e-09
35855.4  1.00051 2.96558e-09 1.53715e-09
36187.5  1.0013 2.91261e-09 1.50969e-09
36522.7  1.0016 2.86067e-09 1.48277e-09
36861  1.0014 2.80887e-09 1.45591e-09
37202.4  1.00067 2.75626e-09 1.42864e-09
37546.9  1.00048 2.70426e-09 1.40168e-09
37894.7  1.00129 2.65595e-09 1.37664e-09
38245.7  1.0016 2.60859e-09 1.3521e-09
38599.9  1.00141 2.56138e-09 1.32762e-09
38957.5  1.00069 2.51345e-09 1.30277e-09
39318.3  1.00046 2.46597e-09 1.27816e-09
39682.5  1.00127 2.42191e-09 1.25532e-09
40050  1.0016 2.37873e-09 1.23294e-09
40421  1.00142 2.3357e-09 1.21064e-09
40795.3  1.00071 2.29203e-09 1.188e-09
41173.2  1.00044 2.24868e-09 1.16553e-09
41554.6  1.00126 2.20849e-09 1.1447e-09
41939.4  1.0016 2.16913e-09 1.12429e-09
42327.9  1.00143 2.12991e-09 1.10396e-09
42719.9  1.00073 2.09012e-09 1.08334e-09
43115.6  1.00042 2.05054e-09 1.06282e-09
43515  1.00125 2.01389e-09 1.04382e-09
43918  1.0016 1.978e-09 1.02522e-09
44324.8  1.00144 1.94225e-09 1.00669e-09
44735.3  1.00075 1.906e-09 9.87896e-10
45149.7  1.0004 1.86987e-09 9.69166e-10
45567.9  1.00124 1.83644e-09 9.51838e-10
45989.9  1.0016 1.80371e-09 9.34875e-10
46415.9  1.00145 1.77113e-09 9.17987e-10
46845.8  1.00077 1.7381e-09 9.00866e-10
47279.7  1.00038 1.70512e-09 8.83767e-10
47717.6  1.00123 1.67462e-09 8.67963e-10
48159.6  1.00159 1.64478e-09 8.52496e-10
48605.6  1.00146 1.61509e-09 8.37103e-10
49055.8  1.00079 1.585e-09 8.21504e-10
49510.2  1.00036 1.55488e-09 8.05895e-10
49968.8  1.00121 1.52707e-09 7.9148e-10
50431.6  1.00159 1.49986e-09 7.77377e-10
50898.7  1.00146 1.4728e-09 7.63347e-10
51370.1  1.00081 1.44538e-09 7.49135e-10
51845.9  1.00033 1.41789e-09 7.34885e-10
52326.1  1.0012 1.39252e-09 7.21737e-10
52810.8  1.00159 1.36771e-09 7.08879e-10
53299.9  1.00147 1.34304e-09 6.96091e-10
53793.6  1.00082 1.31806e-09 6.83142e-10
54291.9  1.00031 1.29296e-09 6.70134e-10
54794.7  1.00119 1.26983e-09 6.58142e-10
55302.2  1.00159 1.24721e-09 6.46417e-10
55814.5  1.00148 1.22472e-09 6.34761e-10
56331.4  1.00084 1.20196e-09 6.22963e-10
56853.2  1.00029 1.17905e-09 6.11089e-10
57379.8  1.00118 1.15794e-09 6.0015e-10
57911.2  1.00158 1.13732e-09 5.8946e-10
58447.6  1.00149 1.11682e-09 5.78836e-10
58989  1.00086 1.09608e-09 5.68085e-10
59535.3  1.00027 1.07517e-09 5.57247e-10
60086.8  1.00116 1.05592e-09 5.4727e-10
60643.3  1.00158 1.03712e-09 5.37522e-10
61205  1.00149 1.01843e-09 5.27838e-10
61771.9  1.00088 9.99534e-10 5.18043e-10
62344  1.00024 9.80447e-10 5.0815e-10
62921.5  1.00115 9.6289e-10 4.9905e-10
63504.3  1.00158 9.45741e-10 4.90162e-10
64092.4  1.0015 9.28711e-10 4.81335e-10
64686.1  1.0009 9.11492e-10 4.72409e-10
65285.2  1.00022 8.9407e-10 4.6338e-10
65889.9  1.00114 8.78055e-10 4.55079e-10
66500.2  1.00157 8.62418e-10 4.46974e-10
67116.1  1.00151 8.46895e-10 4.38929e-10
67737.8  1.00091 8.31205e-10 4.30796e-10
68365.2  1.0002 8.15303e-10 4.22554e-10
68998.4  1.00112 8.00695e-10 4.14983e-10
69637.4  1.00157 7.86437e-10 4.07593e-10
70282.4  1.00151 7.72287e-10 4.00259e-10
70933.4  1.00093 7.5799e-10 3.92849e-10
71590.4  1.00017 7.43477e-10 3.85326e-10
72253.5  1.00111 7.30152e-10 3.7842e-10
72922.7  1.00156 7.17151e-10 3.71681e-10
73598.1  1.00152 7.04252e-10 3.64996e-10
74279.8  1.00095 6.91225e-10 3.58244e-10
74967.8  1.00015 6.77979e-10 3.51379e-10
75662.2  1.00109 6.65825e-10 3.45079e-10
76363  1.00156 6.53969e-10 3.38935e-10
77070.3  1.00152 6.42212e-10 3.32841e-10
77784.1  1.00096 6.30341e-10 3.26688e-10
78504.6  1.00013 6.18252e-10 3.20423e-10
79231.7  1.00108 6.07166e-10 3.14677e-10
79965.5  1.00156 5.96355e-10 3.09073e-10
80706.2  1.00153 5.85637e-10 3.03518e-10
81453.7  1.00098 5.7482e-10 2.97912e-10
82208.2  1.0001 5.63788e-10 2.92194e-10
82969.6  1.00107 5.53675e-10 2.86952e-10
83738.1  1.00155 5.43816e-10 2.81843e-10
84513.7  1.00154 5.34046e-10 2.76779e-10
85296.4  1.001 5.2419e-10 2.71671e-10
86086.5  1.00008 5.14122e-10 2.66452e-10
86883.8  1.00105 5.04897e-10 2.61671e-10
87688.6  1.00155 4.95907e-10 2.57012e-10
88500.7  1.00154 4.87001e-10 2.52396e-10
89320.5  1.00101 4.7802e-10 2.47741e-10
90147.8  1.00006 4.68831e-10 2.42979e-10
90982.7  1.00104 4.60417e-10 2.38618e-10
91825.4  1.00154 4.52219e-10 2.34369e-10
92675.9  1.00155 4.441e-10 2.30161e-10
93534.3  1.00103 4.35916e-10 2.25919e-10
94400.6  1.00003 4.27531e-10 2.21573e-10
95275  1.00102 4.19855e-10 2.17595e-10
96157.5  1.00154 4.1238e-10 2.13721e-10
97048.1  1.00155 4.04979e-10 2.09885e-10
97947  1.00105 3.97521e-10 2.0602e-10
98854.2  1.00001 3.89869e-10 2.02054e-10
99769.8  1.00101 3.82868e-10 1.98425e-10
100694  1.00153 3.76051e-10 1.94892e-10
101627  1.00156 3.69304e-10 1.91396e-10
102568  1.00106 3.62508e-10 1.87873e-10
103518  1.00002 3.55535e-10 1.84259e-10
104477  1.00099 3.49139e-10 1.80944e-10
105444  1.00152 3.42922e-10 1.77722e-10
106421  1.00156 3.36772e-10 1.74535e-10
107407  1.00108 3.30579e-10 1.71325e-10
108401  1.00005 3.24227e-10 1.68033e-10
109405  1.00097 3.18381e-10 1.65003e-10
110419  1.00152 3.12712e-10 1.62065e-10
111442  1.00157 3.07106e-10 1.5916e-10
112474  1.00109 3.01462e-10 1.56235e-10
113515  1.00007 2.95676e-10 1.53236e-10
114567  1.00096 2.90334e-10 1.50467e-10
115628  1.00151 2.85164e-10 1.47788e-10
116699  1.00157 2.80053e-10 1.45139e-10
117780  1.00111 2.7491e-10 1.42474e-10
118871  1.0001 2.6964e-10 1.39742e-10
119972  1.00094 2.64758e-10 1.37212e-10
121083  1.00151 2.60043e-10 1.34768e-10
122204  1.00157 2.55384e-10 1.32354e-10
123336  1.00112 2.50697e-10 1.29925e-10
124479  1.00012 2.45895e-10 1.27436e-10
125632  1.00093 2.41434e-10 1.25124e-10
126795  1.0015 2.37135e-10 1.22896e-10
127970  1.00158 2.32887e-10 1.20694e-10
129155  1.00114 2.28616e-10 1.18481e-10
130351  1.00015 2.24242e-10 1.16214e-10
131559  1.00091 2.20166e-10 1.14101e-10
132777  1.00149 2.16245e-10 1.12069e-10
134007  1.00158 2.12372e-10 1.10062e-10
135248  1.00115 2.0848e-10 1.08045e-10
136501  1.00018 2.04496e-10 1.0598e-10
137765  1.00089 2.00771e-10 1.04049e-10
139041  1.00149 1.97195e-10 1.02196e-10
140329  1.00158 1.93665e-10 1.00367e-10
141629  1.00116 1.90118e-10 9.85284e-11
142940  1.0002 1.86488e-10 9.66472e-11
144264  1.00088 1.83085e-10 9.48833e-11
145601  1.00148 1.79824e-10 9.31934e-11
146949  1.00159 1.76606e-10 9.15256e-11
148310  1.00118 1.73373e-10 8.98503e-11
149684  1.00023 1.70066e-10 8.81366e-11
151070  1.00086 1.66957e-10 8.65251e-11
152470  1.00147 1.63983e-10 8.49838e-11
153882  1.00159 1.61049e-10 8.34632e-11
155307  1.00119 1.58103e-10 8.19365e-11
156746  1.00025 1.55091e-10 8.03752e-11
158197  1.00084 1.5225e-10 7.89027e-11
159663  1.00146 1.49537e-10 7.74971e-11
161141  1.00159 1.46863e-10 7.61108e-11
162634  1.0012 1.44178e-10 7.47195e-11
164140  1.00027 1.41433e-10 7.32971e-11
165661  1.00082 1.38838e-10 7.19519e-11
167195  1.00146 1.36365e-10 7.06702e-11
168744  1.00159 1.33926e-10 6.94065e-11
170307  1.00122 1.3148e-10 6.81385e-11
171884  1.0003 1.2898e-10 6.6843e-11
173476  1.00081 1.26608e-10 6.56139e-11
175083  1.00145 1.24352e-10 6.44449e-11
176704  1.0016 1.22129e-10 6.32927e-11
178341  1.00123 1.19899e-10 6.2137e-11
179993  1.00032 1.17622e-10 6.09566e-11
181660  1.00079 1.15455e-10 5.98339e-11
183343  1.00144 1.13398e-10 5.87677e-11
185041  1.0016 1.11371e-10 5.77172e-11
186755  1.00124 1.09339e-10 5.66641e-11
188484  1.00035 1.07264e-10 5.55888e-11
190230  1.00077 1.05285e-10 5.4563e-11
191992  1.00143 1.03409e-10 5.35907e-11
193770  1.0016 1.01561e-10 5.26331e-11
195565  1.00125 9.9709e-11 5.16733e-11
197376  1.00037 9.78185e-11 5.06936e-11
199205  1.00075 9.60106e-11 4.97566e-11
201050  1.00142 9.42995e-11 4.88698e-11
202912  1.0016 9.26148e-11 4.79967e-11
204791  1.00127 9.09269e-11 4.71219e-11
206688  1.00039 8.92047e-11 4.62294e-11
208602  1.00074 8.75533e-11 4.53735e-11
210535  1.00141 8.59926e-11 4.45647e-11
212485  1.0016 8.44565e-11 4.37686e-11
214453  1.00128 8.29183e-11 4.29715e-11
216439  1.00042 8.13492e-11 4.21583e-11
218444  1.00072 7.98409e-11 4.13767e-11
220467  1.00141 7.84176e-11 4.06391e-11
222509  1.0016 7.70173e-11 3.99134e-11
224570  1.00129 7.56154e-11 3.91869e-11
226650  1.00044 7.41861e-11 3.84463e-11
228749  1.0007 7.28082e-11 3.77321e-11
230868  1.0014 7.15102e-11 3.70594e-11
233006  1.00161 7.02335e-11 3.63977e-11
235164  1.0013 6.89558e-11 3.57355e-11
237342  1.00046 6.76534e-11 3.50605e-11
239541  1.00068 6.63949e-11 3.44082e-11
241759  1.00139 6.52109e-11 3.37946e-11
243999  1.00161 6.40468e-11 3.31914e-11
246259  1.00131 6.28823e-11 3.25878e-11
248539  1.00048 6.16957e-11 3.19729e-11
250842  1.00066 6.05462e-11 3.13772e-11
253165  1.00138 5.94665e-11 3.08176e-11
255510  1.00161 5.84052e-11 3.02676e-11
257876  1.00132 5.73439e-11 2.97176e-11
260265  1.00051 5.6263e-11 2.91574e-11
262675  1.00064 5.52131e-11 2.86133e-11
265108  1.00137 5.42283e-11 2.81029e-11
267564  1.00161 5.32607e-11 2.76016e-11
270042  1.00134 5.22933e-11 2.71002e-11
272543  1.00053 5.13084e-11 2.65898e-11
275068  1.00062 5.03496e-11 2.60929e-11
277615  1.00136 4.94514e-11 2.56274e-11
280187  1.00161 4.85691e-11 2.51701e-11
282782  1.00135 4.76875e-11 2.47132e-11
285401  1.00055 4.67902e-11 2.42481e-11
288044  1.0006 4.59146e-11 2.37944e-11
290712  1.00135 4.50954e-11 2.33699e-11
293405  1.00161 4.42908e-11 2.29529e-11
296123  1.00136 4.34873e-11 2.25365e-11
298865  1.00057 4.26698e-11 2.21129e-11
301633  1.00058 4.18703e-11 2.16985e-11
304427  1.00134 4.11231e-11 2.13112e-11
307247  1.00161 4.03899e-11 2.09313e-11
310093  1.00137 3.96576e-11 2.05517e-11
312965  1.00059 3.89129e-11 2.01657e-11
315864  1.00056 3.81825e-11 1.97872e-11
318789  1.00133 3.7501e-11 1.94341e-11
321742  1.00161 3.68321e-11 1.90875e-11
324722  1.00138 3.61645e-11 1.87415e-11
327729  1.00061 3.54858e-11 1.83899e-11
330765  1.00054 3.48188e-11 1.80442e-11
333829  1.00132 3.41973e-11 1.77221e-11
336921  1.00161 3.35874e-11 1.74061e-11
340041  1.00139 3.2979e-11 1.70908e-11
343191  1.00063 3.23606e-11 1.67703e-11
346369  1.00052 3.17517e-11 1.64547e-11
349578  1.00131 3.11848e-11 1.6161e-11
352815  1.00161 3.06289e-11 1.58729e-11
356083  1.0014 3.00745e-11 1.55857e-11
359381  1.00065 2.95111e-11 1.52937e-11
362710  1.0005 2.89552e-11 1.50057e-11
366070  1.00129 2.8438e-11 1.47376e-11
369460  1.0016 2.79311e-11 1.44748e-11
372882  1.00141 2.74255e-11 1.42128e-11
376336  1.00067 2.69122e-11 1.39468e-11
379822  1.00048 2.64045e-11 1.36836e-11
383340  1.00128 2.59329e-11 1.34392e-11
386890  1.0016 2.54707e-11 1.31997e-11
390474  1.00141 2.50101e-11 1.29609e-11
394090  1.00069 2.45424e-11 1.27186e-11
397740  1.00046 2.40789e-11 1.24783e-11
401424  1.00127 2.36487e-11 1.22554e-11
405142  1.0016 2.32273e-11 1.2037e-11
408895  1.00142 2.28073e-11 1.18194e-11
412682  1.00071 2.23812e-11 1.15987e-11
416504  1.00044 2.19578e-11 1.13792e-11
420362  1.00126 2.15656e-11 1.11759e-11
424256  1.0016 2.11814e-11 1.09769e-11
428185  1.00143 2.07986e-11 1.07785e-11
432151  1.00073 2.04104e-11 1.05773e-11
436154  1.00042 2.0024e-11 1.03769e-11
440194  1.00125 1.96661e-11 1.01915e-11
444271  1.0016 1.93157e-11 1.00099e-11
448386  1.00144 1.89669e-11 9.82914e-12
452539  1.00075 1.86131e-11 9.64575e-12
456730  1.00039 1.82603e-11 9.46291e-12
460960  1.00124 1.79338e-11 9.29368e-12
465230  1.0016 1.76143e-11 9.12821e-12
469539  1.00145 1.72962e-11 8.96338e-12
473888  1.00077 1.69738e-11 8.79633e-12
478277  1.00037 1.66516e-11 8.62944e-12
482707  1.00122 1.6354e-11 8.47515e-12
487178  1.00159 1.60626e-11 8.32416e-12
491690  1.00146 1.57728e-11 8.17391e-12
496244  1.00079 1.54792e-11 8.0217e-12
500841  1.00035 1.51851e-11 7.86927e-12
505480  1.00121 1.49135e-11 7.72855e-12
510162  1.00159 1.46478e-11 7.59092e-12
514887  1.00146 1.43835e-11 7.454e-12
519656  1.00081 1.41158e-11 7.31529e-12
524469  1.00033 1.38474e-11 7.1762e-12
529327  1.0012 1.35997e-11 7.04783e-12
534229  1.00159 1.33574e-11 6.92217e-12
539177  1.00147 1.31165e-11 6.79723e-12
544171  1.00083 1.28727e-11 6.67093e-12
549212  1.00031 1.26276e-11 6.54382e-12
554299  1.00119 1.24018e-11 6.42676e-12
559433  1.00159 1.21811e-11 6.31247e-12
564614  1.00148 1.19616e-11 6.19866e-12
569844  1.00085 1.17395e-11 6.08361e-12
575122  1.00028 1.15159e-11 5.96768e-12
580449  1.00117 1.13097e-11 5.86081e-12
585825  1.00158 1.11083e-11 5.75641e-12
591251  1.00149 1.09081e-11 5.65265e-12
596727  1.00087 1.07056e-11 5.54776e-12
602254  1.00026 1.05013e-11 5.4419e-12
607832  1.00116 1.03133e-11 5.34443e-12
613462  1.00158 1.01296e-11 5.24915e-12
619144  1.00149 9.9472e-12 5.15455e-12
624879  1.00088 9.76271e-12 5.05892e-12
630667  1.00024 9.57621e-12 4.96216e-12
636508  1.00115 9.40476e-12 4.87345e-12
642403  1.00158 9.23729e-12 4.78665e-12
648353  1.0015 9.07091e-12 4.70051e-12
654359  1.0009 8.90276e-12 4.61345e-12
660419  1.00022 8.73264e-12 4.52534e-12
666536  1.00113 8.57629e-12 4.44437e-12
672710  1.00157 8.42362e-12 4.36521e-12
678941  1.00151 8.27222e-12 4.28686e-12
685229  1.00092 8.11902e-12 4.20751e-12
691576  1.00019 7.96379e-12 4.12713e-12
697981  1.00112 7.8211e-12 4.05315e-12
704446  1.00157 7.68185e-12 3.98096e-12
710971  1.00151 7.54364e-12 3.90934e-12
717556  1.00094 7.40399e-12 3.83691e-12
724202  1.00017 7.26221e-12 3.76341e-12
730910  1.00111 7.13214e-12 3.69596e-12
737680  1.00156 7.00526e-12 3.63017e-12
744512  1.00152 6.87939e-12 3.56492e-12
751408  1.00095 6.75225e-12 3.49899e-12
758368  1.00015 6.62302e-12 3.43202e-12
765392  1.00109 6.50412e-12 3.37045e-12
772481  1.00156 6.3883e-12 3.31039e-12
779636  1.00153 6.27342e-12 3.25085e-12
786857  1.00097 6.1575e-12 3.1908e-12
794145  1.00012 6.03913e-12 3.1294e-12
801501  1.00108 5.93097e-12 3.07337e-12
808924  1.00155 5.82539e-12 3.01875e-12
816417  1.00153 5.72067e-12 2.96453e-12
823979  1.00099 5.61507e-12 2.90985e-12
831610  1.0001 5.50719e-12 2.8539e-12
839313  1.00106 5.40853e-12 2.80276e-12
847087  1.00155 5.31218e-12 2.75275e-12
854933  1.00154 5.21692e-12 2.70347e-12
862851  1.001 5.12065e-12 2.65365e-12
870843  1.00007 5.02234e-12 2.60265e-12
878909  1.00105 4.93222e-12 2.55595e-12
887050  1.00154 4.8444e-12 2.51045e-12
895266  1.00154 4.75744e-12 2.46549e-12
903558  1.00102 4.6696e-12 2.41998e-12
911927  1.00005 4.57987e-12 2.37349e-12
920373  1.00103 4.49772e-12 2.3309e-12
928898  1.00154 4.41764e-12 2.28947e-12
937502  1.00155 4.33845e-12 2.24847e-12
946185  1.00103 4.25844e-12 2.20704e-12
954949  1.00002 4.17659e-12 2.16462e-12
963793  1.00102 4.10155e-12 2.12568e-12
972720  1.00153 4.02839e-12 2.08763e-12
981730  1.00155 3.95621e-12 2.05017e-12
990823  1.00105 3.88326e-12 2.01236e-12
1e+06  1 3.80853e-12 1.97357e-12
# Energy[GeV] Prob_e Prob_mu Prob_tau (medium_param = 0)
100  0.999975 1.61392e-05 8.36402e-06
100.926  1.00098 1.58603e-05 8.21944e-06
101.861  1.0015 1.55787e-05 8.07353e-06
102.804  1.00153 1.52945e-05 7.92626e-06
103.757  1.00104 1.50078e-05 7.77763e-06
104.718  1 1.47183e-05 7.62762e-06
105.688  1.00096 1.44633e-05 7.49546e-06
106.666  1.0015 1.42067e-05 7.36247e-06
107.654  1.00154 1.39477e-05 7.22824e-06
108.652  1.00106 1.36863e-05 7.09277e-06
109.658  1.00003 1.34225e-05 6.95605e-06
110.674  1.00095 1.31894e-05 6.83524e-06
111.699  1.0015 1.29555e-05 6.71402e-06
112.733  1.00155 1.27194e-05 6.59169e-06
113.777  1.00108 1.24812e-05 6.46822e-06
114.831  1.00006 1.22407e-05 6.34361e-06
115.895  1.00094 1.20276e-05 6.23317e-06
116.968  1.00149 1.18145e-05 6.12269e-06
118.052  1.00155 1.15993e-05 6.01119e-06
119.145  1.00109 1.13822e-05 5.89866e-06
120.249  1.00009 1.1163e-05 5.78508e-06
121.362  1.00092 1.09682e-05 5.68413e-06
122.486  1.00149 1.07739e-05 5.58343e-06
123.621  1.00156 1.05778e-05 5.48181e-06
124.766  1.00111 1.03799e-05 5.37924e-06
125.922  1.00012 1.01802e-05 5.27573e-06
127.088  1.00091 1.00021e-05 5.18344e-06
128.265  1.00148 9.82503e-06 5.09167e-06
129.453  1.00156 9.64631e-06 4.99905e-06
130.652  1.00112 9.46593e-06 4.90557e-06
131.862  1.00014 9.28388e-06 4.81122e-06
133.083  1.00089 9.1211e-06 4.72686e-06
134.316  1.00148 8.9597e-06 4.64322e-06
135.56  1.00157 8.79681e-06 4.5588e-06
136.816  1.00114 8.6324e-06 4.4736e-06
138.083  1.00017 8.46648e-06 4.38761e-06
139.362  1.00088 8.31768e-06 4.31049e-06
140.653  1.00147 8.17058e-06 4.23426e-06
141.955  1.00157 8.02211e-06 4.15732e-06
143.27  1.00115 7.87227e-06 4.07966e-06
144.597  1.00019 7.72104e-06 4.00129e-06
145.937  1.00086 7.58502e-06 3.9308e-06
147.288  1.00147 7.45095e-06 3.86132e-06
148.652  1.00158 7.31563e-06 3.79119e-06
150.029  1.00117 7.17906e-06 3.72041e-06
151.419  1.00022 7.04123e-06 3.64898e-06
152.821  1.00084 6.9169e-06 3.58455e-06
154.237  1.00146 6.7947e-06 3.52122e-06
155.665  1.00158 6.67137e-06 3.45731e-06
157.107  1.00118 6.54689e-06 3.3928e-06
158.562  1.00025 6.42127e-06 3.32769e-06
160.031  1.00083 6.30762e-06 3.2688e-06
161.513  1.00145 6.19625e-06 3.21108e-06
163.009  1.00158 6.08384e-06 3.15283e-06
164.519  1.0012 5.97039e-06 3.09403e-06
166.043  1.00027 5.85589e-06 3.0347e-06
167.581  1.00081 5.75201e-06 2.98086e-06
169.133  1.00145 5.6505e-06 2.92825e-06
170.699  1.00159 5.54805e-06 2.87516e-06
172.281  1.00121 5.44465e-06 2.82157e-06
173.876  1.0003 5.34029e-06 2.76749e-06
175.487  1.00079 5.24534e-06 2.71828e-06
177.112  1.00144 5.15282e-06 2.67034e-06
178.753  1.00159 5.05944e-06 2.62195e-06
180.408  1.00123 4.9652e-06 2.57311e-06
182.079  1.00032 4.87008e-06 2.52382e-06
183.766  1.00078 4.78329e-06 2.47884e-06
185.468  1.00143 4.69897e-06 2.43514e-06
187.186  1.00159 4.61386e-06 2.39103e-06
188.919  1.00124 4.52797e-06 2.34652e-06
190.669  1.00035 4.44128e-06 2.30159e-06
192.435  1.00076 4.36194e-06 2.26048e-06
194.217  1.00142 4.28509e-06 2.22065e-06
196.016  1.00159 4.20752e-06 2.18045e-06
197.832  1.00125 4.12924e-06 2.13988e-06
199.664  1.00037 4.05022e-06 2.09894e-06
201.514  1.00074 3.97771e-06 2.06136e-06
203.38  1.00142 3.90766e-06 2.02506e-06
205.264  1.0016 3.83697e-06 1.98842e-06
207.165  1.00126 3.76561e-06 1.95144e-06
209.084  1.00039 3.6936e-06 1.91412e-06
211.02  1.00072 3.62732e-06 1.87978e-06
212.975  1.00141 3.56348e-06 1.84669e-06
214.947  1.0016 3.49904e-06 1.8133e-06
216.938  1.00128 3.43401e-06 1.7796e-06
218.948  1.00042 3.36838e-06 1.74558e-06
220.976  1.00071 3.3078e-06 1.71419e-06
223.022  1.0014 3.24961e-06 1.68403e-06
225.088  1.0016 3.19088e-06 1.6536e-06
227.173  1.00129 3.13161e-06 1.62288e-06
229.277  1.00044 3.07179e-06 1.59188e-06
231.401  1.00069 3.01642e-06 1.56319e-06
233.544  1.00139 2.96339e-06 1.5357e-06
235.707  1.0016 2.90986e-06 1.50797e-06
237.89  1.0013 2.85584e-06 1.47997e-06
240.093  1.00046 2.80132e-06 1.45172e-06
242.317  1.00067 2.75071e-06 1.42549e-06
244.562  1.00138 2.70237e-06 1.40044e-06
246.827  1.0016 2.65358e-06 1.37516e-06
249.113  1.00131 2.60435e-06 1.34964e-06
251.42  1.00049 2.55466e-06 1.32389e-06
253.749  1.00065 2.5084e-06 1.29992e-06
256.099  1.00137 2.46434e-06 1.27709e-06
258.471  1.0016 2.41988e-06 1.25404e-06
260.865  1.00132 2.375e-06 1.23079e-06
263.282  1.00051 2.32971e-06 1.20732e-06
265.72  1.00063 2.28743e-06 1.18541e-06
268.181  1.00136 2.24728e-06 1.1646e-06
270.665  1.0016 2.20676e-06 1.1436e-06
273.172  1.00133 2.16586e-06 1.1224e-06
275.702  1.00053 2.12458e-06 1.10101e-06
278.256  1.00061 2.08594e-06 1.08098e-06
280.833  1.00135 2.04934e-06 1.06202e-06
283.434  1.0016 2.0124e-06 1.04288e-06
286.06  1.00135 1.97513e-06 1.02356e-06
288.709  1.00055 1.9375e-06 1.00406e-06
291.383  1.00059 1.90218e-06 9.8576e-07
294.082  1.00134 1.86883e-06 9.68475e-07
296.806  1.0016 1.83517e-06 9.51029e-07
299.555  1.00136 1.80119e-06 9.33422e-07
302.329  1.00057 1.7669e-06 9.15652e-07
305.13  1.00057 1.73462e-06 8.98923e-07
307.956  1.00133 1.70422e-06 8.83169e-07
310.808  1.0016 1.67354e-06 8.67269e-07
313.687  1.00137 1.64257e-06 8.51222e-07
316.592  1.00059 1.61132e-06 8.35026e-07
319.525  1.00055 1.58182e-06 8.19736e-07
322.484  1.00132 1.55411e-06 8.05378e-07
325.471  1.0016 1.52615e-06 7.90886e-07
328.486  1.00138 1.49792e-06 7.7626e-07
331.528  1.00062 1.46944e-06 7.61499e-07
334.599  1.00053 1.44247e-06 7.47525e-07
337.698  1.00131 1.41722e-06 7.34438e-07
340.826  1.0016 1.39173e-06 7.2123e-07
343.983  1.00139 1.36601e-06 7.079e-07
347.169  1.00064 1.34005e-06 6.94446e-07
350.384  1.00051 1.3154e-06 6.81674e-07
353.63  1.0013 1.29239e-06 6.69747e-07
356.905  1.0016 1.26916e-06 6.57709e-07
360.211  1.0014 1.24571e-06 6.45559e-07
363.547  1.00066 1.22205e-06 6.33297e-07
366.914  1.00049 1.19953e-06 6.21625e-07
370.313  1.00129 1.17855e-06 6.10754e-07
373.743  1.0016 1.15738e-06 5.99782e-07
377.204  1.00141 1.13601e-06 5.88708e-07
380.698  1.00068 1.11445e-06 5.77532e-07
384.224  1.00047 1.09386e-06 5.66865e-07
387.783  1.00128 1.07474e-06 5.56956e-07
391.375  1.0016 1.05544e-06 5.46957e-07
395  1.00142 1.03597e-06 5.36864e-07
398.658  1.0007 1.01631e-06 5.26678e-07
402.351  1.00045 9.975e-07 5.16928e-07
406.077  1.00127 9.80074e-07 5.07898e-07
409.838  1.0016 9.62487e-07 4.98784e-07
413.634  1.00142 9.44737e-07 4.89585e-07
417.466  1.00072 9.26822e-07 4.80302e-07
421.332  1.00043 9.09628e-07 4.71391e-07
425.235  1.00126 8.93746e-07 4.6316e-07
429.173  1.0016 8.77717e-07 4.54854e-07
433.148  1.00143 8.61539e-07 4.4647e-07
437.16  1.00074 8.45211e-07 4.38009e-07
441.209  1.00041 8.29497e-07 4.29865e-07
445.296  1.00124 8.15022e-07 4.22363e-07
449.42  1.0016 8.00412e-07 4.14793e-07
453.583  1.00144 7.85667e-07 4.07151e-07
457.784  1.00076 7.70786e-07 3.9944e-07
462.024  1.00039 7.56424e-07 3.91997e-07
466.303  1.00123 7.43231e-07 3.8516e-07
470.622  1.00159 7.29916e-07 3.7826e-07
474.981  1.00145 7.16477e-07 3.71295e-07
479.381  1.00078 7.02914e-07 3.64267e-07
483.821  1.00037 6.89789e-07 3.57465e-07
488.302  1.00122 6.77764e-07 3.51234e-07
492.825  1.00159 6.65629e-07 3.44944e-07
497.39  1.00146 6.5338e-07 3.38597e-07
501.997  1.0008 6.41019e-07 3.32191e-07
506.646  1.00034 6.29023e-07 3.25975e-07
511.339  1.00121 6.18064e-07 3.20295e-07
516.075  1.00159 6.07003e-07 3.14563e-07
520.855  1.00147 5.9584e-07 3.08778e-07
525.679  1.00081 5.84573e-07 3.0294e-07
530.548  1.00032 5.73611e-07 2.97259e-07
535.462  1.0012 5.63622e-07 2.92082e-07
540.422  1.00159 5.53541e-07 2.86858e-07
545.427  1.00147 5.43367e-07 2.81585e-07
550.479  1.00083 5.33098e-07 2.76264e-07
555.578  1.0003 5.2308e-07 2.71072e-07
560.723  1.00118 5.13976e-07 2.66354e-07
565.917  1.00158 5.04788e-07 2.61593e-07
571.159  1.00148 4.95514e-07 2.56787e-07
576.449  1.00085 4.86155e-07 2.51937e-07
581.788  1.00028 4.77e-07 2.47192e-07
587.177  1.00117 4.68702e-07 2.42892e-07
592.615  1.00158 4.60328e-07 2.38553e-07
598.104  1.00149 4.51876e-07 2.34173e-07
603.644  1.00087 4.43346e-07 2.29752e-07
609.235  1.00025 4.34979e-07 2.25416e-07
614.878  1.00116 4.27417e-07 2.21497e-07
620.573  1.00158 4.19784e-07 2.17542e-07
626.321  1.0015 4.12081e-07 2.1355e-07
632.122  1.00089 4.04306e-07 2.09521e-07
637.977  1.00023 3.9666e-07 2.05558e-07
643.886  1.00114 3.89767e-07 2.01987e-07
649.85  1.00157 3.82811e-07 1.98382e-07
655.869  1.0015 3.7579e-07 1.94743e-07
661.943  1.0009 3.68704e-07 1.91071e-07
668.074  1.00021 3.61717e-07 1.8745e-07
674.262  1.00113 3.55435e-07 1.84194e-07
680.507  1.00157 3.49094e-07 1.80909e-07
686.81  1.00151 3.42696e-07 1.77593e-07
693.172  1.00092 3.36237e-07 1.74246e-07
699.592  1.00019 3.29851e-07 1.70937e-07
706.072  1.00112 3.24126e-07 1.6797e-07
712.612  1.00157 3.18347e-07 1.64975e-07
719.212  1.00152 3.12515e-07 1.61953e-07
725.873  1.00094 3.06629e-07 1.58902e-07
732.597  1.00016 3.00793e-07 1.55878e-07
739.382  1.0011 2.95575e-07 1.53174e-07
746.23  1.00156 2.90308e-07 1.50444e-07
753.142  1.00152 2.84993e-07 1.4769e-07
760.118  1.00096 2.79628e-07 1.4491e-07
767.158  1.00014 2.74295e-07 1.42146e-07
774.264  1.00109 2.69539e-07 1.39681e-07
781.435  1.00156 2.64739e-07 1.37194e-07
788.673  1.00153 2.59894e-07 1.34683e-07
795.978  1.00097 2.55005e-07 1.32149e-07
803.35  1.00012 2.50131e-07 1.29624e-07
810.791  1.00107 2.45796e-07 1.27377e-07
818.301  1.00155 2.41421e-07 1.2511e-07
825.88  1.00153 2.37006e-07 1.22822e-07
833.529  1.00099 2.32549e-07 1.20512e-07
841.25  1.00009 2.28096e-07 1.18205e-07
849.042  1.00106 2.24145e-07 1.16157e-07
856.906  1.00155 2.20158e-07 1.14091e-07
864.842  1.00154 2.16133e-07 1.12005e-07
872.853  1.00101 2.12071e-07 1.099e-07
880.937  1.00007 2.08002e-07 1.07791e-07
889.097  1.00104 2.04401e-07 1.05925e-07
897.332  1.00154 2.00767e-07 1.04042e-07
905.643  1.00154 1.97099e-07 1.02141e-07
914.031  1.00102 1.93397e-07 1.00223e-07
922.497  1.00004 1.89678e-07 9.82954e-08
931.041  1.00103 1.86396e-07 9.65946e-08
939.665  1.00154 1.83083e-07 9.48781e-08
948.368  1.00155 1.7974e-07 9.31456e-08
957.152  1.00104 1.76367e-07 9.13972e-08
966.017  1.00002 1.72968e-07 8.9636e-08
974.965  1.00101 1.69977e-07 8.80859e-08
983.995  1.00153 1.66958e-07 8.65214e-08
993.109  1.00155 1.63911e-07 8.49424e-08
1002.31  1.00105 1.60836e-07 8.33488e-08
1011.59  1.00001 1.57732e-07 8.17405e-08
1020.96  1.001 1.55004e-07 8.03266e-08
1030.42  1.00153 1.52252e-07 7.89007e-08
1039.96  1.00156 1.49475e-07 7.74616e-08
1049.59  1.00107 1.46673e-07 7.60092e-08
1059.31  1.00003 1.43844e-07 7.45433e-08
1069.13  1.00098 1.4135e-07 7.32509e-08
1079.03  1.00152 1.38842e-07 7.19513e-08
1089.02  1.00156 1.36311e-07 7.06397e-08
1099.11  1.00108 1.33757e-07 6.93159e-08
1109.29  1.00006 1.31179e-07 6.79798e-08
1119.56  1.00097 1.28899e-07 6.67984e-08
1129.93  1.00152 1.26613e-07 6.56139e-08
1140.4  1.00157 1.24306e-07 6.44185e-08
1150.96  1.0011 1.21978e-07 6.3212e-08
1161.62  1.00009 1.19629e-07 6.19943e-08
1172.38  1.00095 1.17545e-07 6.09143e-08
1183.24  1.00151 1.15461e-07 5.98347e-08
1194.2  1.00157 1.13359e-07 5.87452e-08
1205.26  1.00111 1.11237e-07 5.76455e-08
1216.42  1.00011 1.09095e-07 5.65357e-08
1227.69  1.00093 1.0719e-07 5.55484e-08
1239.06  1.0015 1.05292e-07 5.45645e-08
1250.54  1.00157 1.03375e-07 5.35715e-08
1262.12  1.00113 1.01441e-07 5.25693e-08
1273.81  1.00014 9.94895e-08 5.15577e-08
1285.61  1.00092 9.77481e-08 5.06553e-08
1297.52  1.0015 9.60176e-08 4.97585e-08
1309.54  1.00158 9.42711e-08 4.88534e-08
1321.66  1.00114 9.25084e-08 4.794e-08
1333.91  1.00016 9.07294e-08 4.70181e-08
1346.26  1.0009 8.91376e-08 4.61932e-08
1358.73  1.00149 8.75604e-08 4.53758e-08
1371.31  1.00158 8.59686e-08 4.45509e-08
1384.02  1.00116 8.43621e-08 4.37184e-08
1396.84  1.00019 8.27407e-08 4.28781e-08
1409.77  1.00088 8.12856e-08 4.21241e-08
1422.83  1.00148 7.98481e-08 4.13791e-08
1436.01  1.00158 7.83974e-08 4.06273e-08
1449.31  1.00117 7.69331e-08 3.98685e-08
1462.73  1.00021 7.54553e-08 3.91027e-08
1476.28  1.00087 7.41253e-08 3.84134e-08
1489.96  1.00147 7.28151e-08 3.77345e-08
1503.76  1.00159 7.14929e-08 3.70492e-08
1517.68  1.00118 7.01583e-08 3.63577e-08
1531.74  1.00024 6.88115e-08 3.56597e-08
1545.93  1.00085 6.75957e-08 3.50296e-08
1560.25  1.00147 6.64016e-08 3.44108e-08
1574.7  1.00159 6.51964e-08 3.37863e-08
1589.28  1.0012 6.39801e-08 3.3156e-08
1604  1.00026 6.27525e-08 3.25198e-08
1618.86  1.00083 6.16412e-08 3.19439e-08
1633.85  1.00146 6.05529e-08 3.13799e-08
1648.99  1.00159 5.94545e-08 3.08107e-08
1664.26  1.00121 5.8346e-08 3.02362e-08
1679.67  1.00029 5.72271e-08 2.96564e-08
1695.23  1.00082 5.62113e-08 2.913e-08
1710.93  1.00145 5.52194e-08 2.8616e-08
1726.78  1.0016 5.42183e-08 2.80972e-08
1742.77  1.00122 5.32079e-08 2.75736e-08
1758.92  1.00031 5.21882e-08 2.70451e-08
1775.21  1.0008 5.12597e-08 2.65639e-08
1791.65  1.00144 5.03557e-08 2.60954e-08
1808.24  1.0016 4.94432e-08 2.56226e-08
1824.99  1.00124 4.85224e-08 2.51454e-08
1841.9  1.00033 4.75929e-08 2.46638e-08
1858.96  1.00078 4.67443e-08 2.42239e-08
1876.17  1.00144 4.59203e-08 2.37969e-08
1893.55  1.0016 4.50887e-08 2.3366e-08
1911.09  1.00125 4.42494e-08 2.2931e-08
1928.79  1.00036 4.34023e-08 2.24921e-08
1946.66  1.00076 4.26266e-08 2.20901e-08
1964.69  1.00143 4.18756e-08 2.17009e-08
1982.88  1.0016 4.11177e-08 2.13081e-08
2001.25  1.00126 4.03527e-08 2.09117e-08
2019.79  1.00038 3.95807e-08 2.05116e-08
2038.49  1.00074 3.88716e-08 2.01442e-08
2057.37  1.00142 3.81871e-08 1.97895e-08
2076.43  1.0016 3.74963e-08 1.94315e-08
2095.66  1.00127 3.67991e-08 1.90702e-08
2115.07  1.0004 3.60955e-08 1.87055e-08
2134.66  1.00073 3.54474e-08 1.83697e-08
2154.43  1.00141 3.48236e-08 1.80464e-08
2174.39  1.0016 3.4194e-08 1.77201e-08
2194.53  1.00128 3.35585e-08 1.73908e-08
2214.86  1.00043 3.29172e-08 1.70584e-08
2235.37  1.00071 3.23248e-08 1.67515e-08
2256.07  1.0014 3.17563e-08 1.64568e-08
2276.97  1.00161 3.11824e-08 1.61594e-08
2298.06  1.0013 3.06033e-08 1.58593e-08
2319.35  1.00045 3.00188e-08 1.55564e-08
2340.83  1.00069 2.94773e-08 1.52758e-08
2362.51  1.00139 2.89591e-08 1.50073e-08
2384.39  1.00161 2.84361e-08 1.47362e-08
2406.48  1.00131 2.79083e-08 1.44627e-08
2428.76  1.00047 2.73755e-08 1.41866e-08
2451.26  1.00067 2.68807e-08 1.39302e-08
2473.96  1.00138 2.64084e-08 1.36854e-08
2496.88  1.00161 2.59317e-08 1.34384e-08
2520  1.00132 2.54506e-08 1.31891e-08
2543.35  1.00049 2.4965e-08 1.29374e-08
2566.9  1.00065 2.45127e-08 1.27031e-08
2590.68  1.00137 2.40823e-08 1.248e-08
2614.67  1.00161 2.36478e-08 1.22548e-08
2638.89  1.00133 2.32093e-08 1.20276e-08
2663.33  1.00052 2.27668e-08 1.17983e-08
2688  1.00063 2.23534e-08 1.1584e-08
2712.9  1.00136 2.1961e-08 1.13807e-08
2738.03  1.00161 2.15651e-08 1.11755e-08
2763.39  1.00134 2.11654e-08 1.09684e-08
2788.98  1.00054 2.07621e-08 1.07594e-08
2814.81  1.00061 2.03842e-08 1.05636e-08
2840.88  1.00135 2.00267e-08 1.03783e-08
2867.2  1.00161 1.96658e-08 1.01912e-08
2893.75  1.00135 1.93015e-08 1.00025e-08
2920.56  1.00056 1.89339e-08 9.81198e-09
2947.61  1.00059 1.85886e-08 9.63302e-09
2974.91  1.00134 1.82627e-08 9.46413e-09
3002.46  1.00161 1.79337e-08 9.29367e-09
3030.27  1.00136 1.76018e-08 9.12163e-09
3058.34  1.00058 1.72667e-08 8.948e-09
3086.66  1.00057 1.69511e-08 8.78443e-09
3115.25  1.00133 1.6654e-08 8.6305e-09
3144.11  1.00161 1.63542e-08 8.47514e-09
3173.23  1.00137 1.60517e-08 8.31834e-09
3202.62  1.0006 1.57463e-08 8.16009e-09
3232.28  1.00055 1.54578e-08 8.0106e-09
3262.22  1.00132 1.51871e-08 7.8703e-09
3292.44  1.00161 1.49139e-08 7.7287e-09
3322.93  1.00138 1.46381e-08 7.5858e-09
3353.71  1.00062 1.43598e-08 7.44156e-09
3384.77  1.00053 1.40961e-08 7.30493e-09
3416.12  1.00131 1.38494e-08 7.17706e-09
3447.76  1.00161 1.36003e-08 7.04801e-09
3479.7  1.00139 1.3349e-08 6.91776e-09
3511.93  1.00064 1.30953e-08 6.7863e-09
3544.46  1.00051 1.28544e-08 6.66143e-09
3577.29  1.0013 1.26295e-08 6.54488e-09
3610.42  1.0016 1.24025e-08 6.42726e-09
3643.86  1.0014 1.21734e-08 6.30855e-09
3677.61  1.00066 1.19422e-08 6.18874e-09
3711.67  1.00049 1.1722e-08 6.07461e-09
3746.05  1.00129 1.1517e-08 5.96839e-09
3780.75  1.0016 1.13102e-08 5.86118e-09
3815.76  1.00141 1.11014e-08 5.75299e-09
3851.11  1.00068 1.08907e-08 5.64379e-09
3886.78  1.00047 1.06894e-08 5.53948e-09
3922.78  1.00128 1.05026e-08 5.44267e-09
3959.11  1.0016 1.0314e-08 5.34496e-09
3995.78  1.00142 1.01237e-08 5.24635e-09
4032.79  1.0007 9.93168e-09 5.14682e-09
4070.14  1.00045 9.74773e-09 5.05149e-09
4107.84  1.00127 9.57746e-09 4.96326e-09
4145.89  1.0016 9.40562e-09 4.87421e-09
4184.29  1.00143 9.23219e-09 4.78433e-09
4223.04  1.00072 9.05714e-09 4.69362e-09
4262.16  1.00043 8.88902e-09 4.60649e-09
4301.64  1.00125 8.73384e-09 4.52608e-09
4341.48  1.0016 8.57722e-09 4.44491e-09
4381.69  1.00144 8.41915e-09 4.363e-09
4422.27  1.00074 8.25961e-09 4.28032e-09
4463.23  1.00041 8.10597e-09 4.2007e-09
4504.57  1.00124 7.96453e-09 4.1274e-09
4546.3  1.0016 7.82178e-09 4.05343e-09
4588.4  1.00144 7.67771e-09 3.97877e-09
4630.9  1.00076 7.53231e-09 3.90341e-09
4673.8  1.00038 7.39189e-09 3.83064e-09
4717.08  1.00123 7.26298e-09 3.76384e-09
4760.78  1.00159 7.13288e-09 3.69642e-09
4804.87  1.00145 7.00157e-09 3.62837e-09
4849.37  1.00078 6.86904e-09 3.5597e-09
4894.29  1.00036 6.74071e-09 3.49319e-09
4939.62  1.00122 6.62322e-09 3.4323e-09
4985.37  1.00159 6.50464e-09 3.37086e-09
5031.55  1.00146 6.38497e-09 3.30884e-09
5078.15  1.0008 6.26418e-09 3.24624e-09
5125.19  1.00034 6.1469e-09 3.18546e-09
5172.66  1.00121 6.03982e-09 3.12997e-09
5220.57  1.00159 5.93174e-09 3.07396e-09
5268.92  1.00147 5.82267e-09 3.01744e-09
5317.72  1.00082 5.71258e-09 2.96039e-09
5366.98  1.00032 5.6054e-09 2.90485e-09
5416.69  1.00119 5.5078e-09 2.85427e-09
5466.86  1.00159 5.4093e-09 2.80322e-09
5517.49  1.00148 5.30989e-09 2.7517e-09
5568.6  1.00084 5.20955e-09 2.69971e-09
5620.17  1.0003 5.1116e-09 2.64895e-09
5672.23  1.00118 5.02265e-09 2.60285e-09
5724.77  1.00158 4.93287e-09 2.55633e-09
5777.79  1.00148 4.84226e-09 2.50937e-09
5831.31  1.00086 4.75082e-09 2.46198e-09
5885.32  1.00027 4.6613e-09 2.41559e-09
5939.83  1.00117 4.58023e-09 2.37358e-09
5994.84  1.00158 4.4984e-09 2.33117e-09
6050.37  1.00149 4.41582e-09 2.28838e-09
6106.41  1.00087 4.33248e-09 2.24519e-09
6162.97  1.00025 4.25067e-09 2.20279e-09
6220.05  1.00115 4.17678e-09 2.1645e-09
6277.66  1.00158 4.1022e-09 2.12585e-09
6335.8  1.0015 4.02693e-09 2.08685e-09
6394.49  1.00089 3.95097e-09 2.04748e-09
6453.72  1.00023 3.87621e-09 2.00874e-09
6513.49  1.00114 3.80886e-09 1.97384e-09
6573.82  1.00157 3.74089e-09 1.93862e-09
6634.71  1.0015 3.67229e-09 1.90307e-09
6696.16  1.00091 3.60306e-09 1.86719e-09
6758.18  1.0002 3.53474e-09 1.83178e-09
6820.78  1.00113 3.47336e-09 1.79997e-09
6883.95  1.00157 3.41141e-09 1.76787e-09
6947.71  1.00151 3.34888e-09 1.73547e-09
7012.06  1.00093 3.28578e-09 1.70277e-09
7077.01  1.00018 3.22335e-09 1.67041e-09
7142.56  1.00111 3.1674e-09 1.64142e-09
7208.72  1.00157 3.11094e-09 1.61216e-09
7275.48  1.00152 3.05396e-09 1.58263e-09
7342.87  1.00094 2.99644e-09 1.55283e-09
7410.88  1.00016 2.93939e-09 1.52326e-09
7479.52  1.0011 2.8884e-09 1.49683e-09
7548.8  1.00156 2.83694e-09 1.47017e-09
7618.72  1.00152 2.785e-09 1.44325e-09
7689.28  1.00096 2.73258e-09 1.41609e-09
7760.5  1.00013 2.68044e-09 1.38907e-09
7832.38  1.00108 2.63397e-09 1.36498e-09
7904.93  1.00156 2.58707e-09 1.34068e-09
7978.14  1.00153 2.53973e-09 1.31615e-09
8052.04  1.00098 2.49196e-09 1.29139e-09
8126.62  1.00011 2.44431e-09 1.2667e-09
8201.89  1.00107 2.40195e-09 1.24475e-09
8277.86  1.00155 2.35921e-09 1.22259e-09
8354.53  1.00153 2.31606e-09 1.20024e-09
8431.91  1.00099 2.27252e-09 1.17767e-09
8510.01  1.00009 2.22898e-09 1.15511e-09
8588.83  1.00105 2.19037e-09 1.1351e-09
8668.38  1.00155 2.15141e-09 1.11491e-09
8748.67  1.00154 2.11209e-09 1.09453e-09
8829.7  1.00101 2.0724e-09 1.07397e-09
8911.48  1.00006 2.03261e-09 1.05335e-09
8994.02  1.00104 1.99743e-09 1.03511e-09
9077.33  1.00154 1.96192e-09 1.01671e-09
9161.4  1.00155 1.92608e-09 9.98139e-10
9246.26  1.00103 1.88991e-09 9.79395e-10
9331.9  1.00004 1.85355e-09 9.60552e-10
9418.33  1.00102 1.82148e-09 9.43934e-10
9505.57  1.00154 1.78912e-09 9.27162e-10
9593.61  1.00155 1.75645e-09 9.10235e-10
9682.47  1.00104 1.72349e-09 8.93151e-10
9772.15  1.00001 1.69026e-09 8.75931e-10
9862.66  1.00101 1.66103e-09 8.60785e-10
9954.01  1.00153 1.63154e-09 8.45499e-10
10046.2  1.00156 1.60177e-09 8.30071e-10
10139.3  1.00106 1.57172e-09 8.14501e-10
10233.2  1.00001 1.54139e-09 7.98786e-10
10327.9  1.00099 1.51472e-09 7.84961e-10
10423.6  1.00153 1.48783e-09 7.71029e-10
10520.2  1.00156 1.4607e-09 7.56968e-10
10617.6  1.00107 1.43331e-09 7.42776e-10
10715.9  1.00004 1.40568e-09 7.28453e-10
10815.2  1.00098 1.38129e-09 7.15816e-10
10915.4  1.00152 1.35679e-09 7.03118e-10
11016.5  1.00156 1.33206e-09 6.90302e-10
11118.5  1.00109 1.3071e-09 6.77368e-10
11221.5  1.00007 1.28191e-09 6.64314e-10
11325.4  1.00096 1.25962e-09 6.52761e-10
11430.3  1.00151 1.23728e-09 6.41188e-10
11536.2  1.00157 1.21474e-09 6.29508e-10
11643  1.0011 1.192e-09 6.17719e-10
11750.9  1.00009 1.16904e-09 6.05821e-10
11859.7  1.00095 1.14866e-09 5.95261e-10
11969.6  1.00151 1.1283e-09 5.84713e-10
12080.4  1.00157 1.10776e-09 5.74067e-10
12192.3  1.00112 1.08703e-09 5.63323e-10
12305.2  1.00012 1.0661e-09 5.52479e-10
12419.2  1.00093 1.04748e-09 5.42826e-10
12534.2  1.0015 1.02892e-09 5.33212e-10
12650.3  1.00158 1.0102e-09 5.23509e-10
12767.5  1.00113 9.91304e-10 5.13716e-10
12885.8  1.00014 9.72233e-10 5.03833e-10
13005.1  1.00091 9.55205e-10 4.95009e-10
13125.6  1.00149 9.38297e-10 4.86247e-10
13247.1  1.00158 9.21232e-10 4.77404e-10
13369.8  1.00115 9.0401e-10 4.68478e-10
13493.7  1.00017 8.86628e-10 4.59471e-10
13618.7  1.0009 8.71063e-10 4.51404e-10
13744.8  1.00149 8.55652e-10 4.43418e-10
13872.1  1.00158 8.40099e-10 4.35359e-10
14000.6  1.00116 8.24402e-10 4.27224e-10
14130.3  1.00019 8.0856e-10 4.19014e-10
14261.1  1.00088 7.94332e-10 4.11641e-10
14393.2  1.00148 7.80287e-10 4.04362e-10
14526.5  1.00159 7.66112e-10 3.97016e-10
14661.1  1.00117 7.51805e-10 3.89602e-10
14796.9  1.00022 7.37366e-10 3.82119e-10
14933.9  1.00086 7.2436e-10 3.7538e-10
15072.3  1.00147 7.11559e-10 3.68746e-10
15211.9  1.00159 6.9864e-10 3.62051e-10
15352.8  1.00119 6.856e-10 3.55294e-10
15495  1.00024 6.7244e-10 3.48474e-10
15638.5  1.00085 6.60552e-10 3.42313e-10
15783.3  1.00147 6.48885e-10 3.36267e-10
15929.5  1.00159 6.3711e-10 3.30165e-10
16077  1.0012 6.25225e-10 3.24006e-10
16226  1.00027 6.13231e-10 3.1779e-10
16376.2  1.00083 6.02365e-10 3.12159e-10
16527.9  1.00146 5.91731e-10 3.06649e-10
16681  1.00159 5.80999e-10 3.01087e-10
16835.5  1.00121 5.70167e-10 2.95474e-10
16991.4  1.00029 5.59235e-10 2.89808e-10
17148.8  1.00081 5.49303e-10 2.84661e-10
17307.7  1.00145 5.39611e-10 2.79639e-10
17468  1.0016 5.2983e-10 2.7457e-10
17629.8  1.00123 5.19958e-10 2.69454e-10
17793  1.00032 5.09994e-10 2.6429e-10
17957.8  1.00079 5.00915e-10 2.59586e-10
18124.2  1.00144 4.92082e-10 2.55008e-10
18292  1.0016 4.83167e-10 2.50388e-10
18461.5  1.00124 4.74169e-10 2.45725e-10
18632.5  1.00034 4.65088e-10 2.41019e-10
18805  1.00078 4.5679e-10 2.36719e-10
18979.2  1.00143 4.48739e-10 2.32547e-10
19155  1.0016 4.40614e-10 2.28336e-10
19332.4  1.00125 4.32413e-10 2.24086e-10
19511.5  1.00036 4.24136e-10 2.19797e-10
19692.2  1.00076 4.16551e-10 2.15866e-10
19874.6  1.00143 4.09214e-10 2.12064e-10
20058.7  1.0016 4.01808e-10 2.08226e-10
20244.5  1.00126 3.94334e-10 2.04353e-10
20432  1.00039 3.8679e-10 2.00444e-10
20621.2  1.00074 3.79858e-10 1.96851e-10
20812.2  1.00142 3.7317e-10 1.93385e-10
21005  1.0016 3.6642e-10 1.89887e-10
21199.5  1.00128 3.59608e-10 1.86357e-10
21395.9  1.00041 3.52733e-10 1.82794e-10
21594.1  1.00072 3.46396e-10 1.7951e-10
21794.1  1.00141 3.40301e-10 1.76351e-10
21995.9  1.0016 3.34149e-10 1.73163e-10
22199.7  1.00129 3.2794e-10 1.69946e-10
22405.3  1.00043 3.21674e-10 1.66698e-10
22612.8  1.0007 3.15882e-10 1.63697e-10
22822.2  1.0014 3.10326e-10 1.60818e-10
23033.6  1.00161 3.04719e-10 1.57912e-10
23247  1.0013 2.99061e-10 1.5498e-10
23462.3  1.00046 2.93349e-10 1.5202e-10
23679.6  1.00068 2.88056e-10 1.49277e-10
23898.9  1.00139 2.82992e-10 1.46653e-10
24120.3  1.00161 2.77882e-10 1.44005e-10
24343.7  1.00131 2.72725e-10 1.41332e-10
24569.2  1.00048 2.67519e-10 1.38635e-10
24796.7  1.00066 2.62681e-10 1.36127e-10
25026.4  1.00138 2.58066e-10 1.33735e-10
25258.2  1.00161 2.53408e-10 1.31322e-10
25492.1  1.00132 2.48708e-10 1.28886e-10
25728.3  1.0005 2.43963e-10 1.26427e-10
25966.6  1.00065 2.39541e-10 1.24135e-10
26207.1  1.00137 2.35335e-10 1.21956e-10
26449.8  1.00161 2.3109e-10 1.19756e-10
26694.8  1.00133 2.26806e-10 1.17536e-10
26942  1.00052 2.22482e-10 1.15295e-10
27191.6  1.00063 2.1844e-10 1.132e-10
27443.4  1.00136 2.14606e-10 1.11214e-10
27697.6  1.00161 2.10737e-10 1.09209e-10
27954.2  1.00134 2.06832e-10 1.07185e-10
28213.1  1.00054 2.02891e-10 1.05143e-10
28474.4  1.00061 1.99197e-10 1.03228e-10
28738.1  1.00135 1.95703e-10 1.01418e-10
29004.3  1.00161 1.92177e-10 9.95903e-11
29272.9  1.00135 1.88618e-10 9.7746e-11
29544.1  1.00057 1.85026e-10 9.58846e-11
29817.7  1.00059 1.81649e-10 9.41348e-11
30093.9  1.00134 1.78465e-10 9.24845e-11
30372.6  1.00161 1.75251e-10 9.0819e-11
30654  1.00136 1.72007e-10 8.91381e-11
30937.9  1.00059 1.68734e-10 8.74417e-11
31224.4  1.00057 1.65648e-10 8.58424e-11
31513.6  1.00133 1.62745e-10 8.43383e-11
31805.5  1.00161 1.59816e-10 8.28203e-11
32100.1  1.00137 1.5686e-10 8.12881e-11
32397.4  1.00061 1.53876e-10 7.97419e-11
32697.5  1.00055 1.51055e-10 7.82802e-11
33000.3  1.00132 1.4841e-10 7.69094e-11
33306  1.00161 1.4574e-10 7.55259e-11
33614.5  1.00138 1.43046e-10 7.41296e-11
33925.8  1.00063 1.40327e-10 7.27203e-11
34240.1  1.00053 1.37749e-10 7.13844e-11
34557.2  1.00131 1.35338e-10 7.0135e-11
34877.3  1.00161 1.32905e-10 6.8874e-11
35200.3  1.00139 1.30449e-10 6.76013e-11
35526.3  1.00065 1.2797e-10 6.63167e-11
35855.4  1.00051 1.25614e-10 6.50958e-11
36187.5  1.0013 1.23417e-10 6.39572e-11
36522.7  1.0016 1.21199e-10 6.2808e-11
36861  1.0014 1.18961e-10 6.1648e-11
37202.4  1.00067 1.16702e-10 6.04776e-11
37546.9  1.00048 1.14548e-10 5.93616e-11
37894.7  1.00129 1.12546e-10 5.83238e-11
38245.7  1.0016 1.10525e-10 5.72763e-11
38599.9  1.00141 1.08485e-10 5.62191e-11
38957.5  1.00069 1.06426e-10 5.51521e-11
39318.3  1.00046 1.04458e-10 5.41322e-11
39682.5  1.00127 1.02632e-10 5.31863e-11
40050  1.0016 1.0079e-10 5.22316e-11
40421  1.00142 9.89308e-11 5.12681e-11
40795.3  1.00071 9.70544e-11 5.02957e-11
41173.2  1.00044 9.52556e-11 4.93636e-11
41554.6  1.00126 9.35921e-11 4.85015e-11
41939.4  1.0016 9.1913e-11 4.76314e-11
42327.9  1.00143 9.02183e-11 4.67531e-11
42719.9  1.00073 8.8508e-11 4.58668e-11
43115.6  1.00042 8.68643e-11 4.5015e-11
43515  1.00125 8.5348e-11 4.42292e-11
43918  1.0016 8.38177e-11 4.34361e-11
44324.8  1.00144 8.22732e-11 4.26357e-11
44735.3  1.00075 8.07145e-11 4.18279e-11
45149.7  1.0004 7.92122e-11 4.10494e-11
45567.9  1.00124 7.78303e-11 4.03333e-11
45989.9  1.0016 7.64355e-11 3.96105e-11
46415.9  1.00145 7.50278e-11 3.8881e-11
46845.8  1.00077 7.36071e-11 3.81448e-11
47279.7  1.00038 7.22342e-11 3.74333e-11
47717.6  1.00123 7.09747e-11 3.67806e-11
48159.6  1.00159 6.97034e-11 3.61218e-11
48605.6  1.00146 6.84205e-11 3.54569e-11
49055.8  1.00079 6.71256e-11 3.47859e-11
49510.2  1.00036 6.58709e-11 3.41356e-11
49968.8  1.00121 6.47229e-11 3.35406e-11
50431.6  1.00159 6.35643e-11 3.29402e-11
50898.7  1.00146 6.2395e-11 3.23342e-11
51370.1  1.00081 6.12148e-11 3.17225e-11
51845.9  1.00033 6.0068e-11 3.11283e-11
52326.1  1.0012 5.90217e-11 3.0586e-11
52810.8  1.00159 5.79659e-11 3.0039e-11
53299.9  1.00147 5.69002e-11 2.94867e-11
53793.6  1.00082 5.58245e-11 2.89293e-11
54291.9  1.00031 5.47766e-11 2.83864e-11
54794.7  1.00119 5.3823e-11 2.78923e-11
55302.2  1.00159 5.28606e-11 2.73935e-11
55814.5  1.00148 5.18893e-11 2.68902e-11
56331.4  1.00084 5.09089e-11 2.63821e-11
56853.2  1.00029 4.99512e-11 2.58859e-11
57379.8  1.00118 4.9082e-11 2.54354e-11
57911.2  1.00158 4.82049e-11 2.49809e-11
58447.6  1.00149 4.73195e-11 2.45221e-11
58989  1.00086 4.6426e-11 2.4059e-11
59535.3  1.00027 4.55507e-11 2.36055e-11
60086.8  1.00116 4.47585e-11 2.31949e-11
60643.3  1.00158 4.39591e-11 2.27806e-11
61205  1.00149 4.31521e-11 2.23623e-11
61771.9  1.00088 4.23378e-11 2.19404e-11
62344  1.00024 4.15379e-11 2.15258e-11
62921.5  1.00115 4.08159e-11 2.11516e-11
63504.3  1.00158 4.00873e-11 2.0774e-11
64092.4  1.0015 3.93519e-11 2.03929e-11
64686.1  1.0009 3.86096e-11 2.00083e-11
65285.2  1.00022 3.78786e-11 1.96295e-11
65889.9  1.00114 3.72207e-11 1.92885e-11
66500.2  1.00157 3.65565e-11 1.89443e-11
67116.1  1.00151 3.58862e-11 1.85969e-11
67737.8  1.00091 3.52097e-11 1.82463e-11
68365.2  1.0002 3.45417e-11 1.79001e-11
68998.4  1.00112 3.39419e-11 1.75893e-11
69637.4  1.00157 3.33366e-11 1.72756e-11
70282.4  1.00151 3.27258e-11 1.69592e-11
70933.4  1.00093 3.21093e-11 1.66397e-11
71590.4  1.00017 3.14988e-11 1.63234e-11
72253.5  1.00111 3.09521e-11 1.604e-11
72922.7  1.00156 3.04006e-11 1.57543e-11
73598.1  1.00152 2.98438e-11 1.54657e-11
74279.8  1.00095 2.92818e-11 1.51745e-11
74967.8  1.00015 2.87239e-11 1.48854e-11
75662.2  1.00109 2.82258e-11 1.46272e-11
76363  1.00156 2.7723e-11 1.43666e-11
77070.3  1.00152 2.72156e-11 1.41037e-11
77784.1  1.00096 2.67034e-11 1.38382e-11
78504.6  1.00013 2.61936e-11 1.35741e-11
79231.7  1.00108 2.57396e-11 1.33388e-11
79965.5  1.00156 2.52813e-11 1.31013e-11
80706.2  1.00153 2.48187e-11 1.28616e-11
81453.7  1.00098 2.43518e-11 1.26197e-11
82208.2  1.0001 2.3886e-11 1.23783e-11
82969.6  1.00107 2.34722e-11 1.21638e-11
83738.1  1.00155 2.30546e-11 1.19474e-11
84513.7  1.00154 2.2633e-11 1.17288e-11
85296.4  1.001 2.22076e-11 1.15084e-11
86086.5  1.00008 2.17818e-11 1.12877e-11
86883.8  1.00105 2.14047e-11 1.10923e-11
87688.6  1.00155 2.1024e-11 1.0895e-11
88500.7  1.00154 2.06397e-11 1.06959e-11
89320.5  1.00101 2.0252e-11 1.04951e-11
90147.8  1.00006 1.98629e-11 1.02934e-11
90982.7  1.00104 1.95191e-11 1.01153e-11
91825.4  1.00154 1.91722e-11 9.93552e-12
92675.9  1.00155 1.8822e-11 9.75398e-12
93534.3  1.00103 1.84686e-11 9.57083e-12
94400.6  1.00003 1.8113e-11 9.38646e-12
95275  1.00102 1.77997e-11 9.22417e-12
96157.5  1.00154 1.74835e-11 9.06036e-12
97048.1  1.00155 1.71644e-11 8.89493e-12
97947  1.00105 1.68423e-11 8.72804e-12
98854.2  1.00001 1.65175e-11 8.55976e-12
99769.8  1.00101 1.62319e-11 8.41178e-12
100694  1.00153 1.59437e-11 8.2624e-12
101627  1.00156 1.56527e-11 8.11157e-12
102568  1.00106 1.53591e-11 7.9595e-12
103518  1.00002 1.50627e-11 7.80584e-12
104477  1.00099 1.48019e-11 7.67072e-12
105444  1.00152 1.45393e-11 7.53456e-12
106421  1.00156 1.42742e-11 7.39716e-12
107407  1.00108 1.40066e-11 7.25847e-12
108401  1.00005 1.37366e-11 7.11851e-12
109405  1.00097 1.34981e-11 6.99498e-12
110419  1.00152 1.32587e-11 6.87087e-12
111442  1.00157 1.30171e-11 6.74566e-12
112474  1.00109 1.27733e-11 6.61933e-12
113515  1.00007 1.25271e-11 6.49171e-12
114567  1.00096 1.23092e-11 6.37881e-12
115628  1.00151 1.20909e-11 6.26565e-12
116699  1.00157 1.18707e-11 6.15156e-12
117780  1.00111 1.16484e-11 6.03636e-12
118871  1.0001 1.14239e-11 5.91996e-12
119972  1.00094 1.12249e-11 5.81686e-12
121083  1.00151 1.1026e-11 5.71381e-12
122204  1.00157 1.08253e-11 5.60983e-12
123336  1.00112 1.06228e-11 5.50493e-12
124479  1.00012 1.04184e-11 5.39901e-12
125632  1.00093 1.02362e-11 5.30454e-12
126795  1.0015 1.0055e-11 5.21063e-12
127970  1.00158 9.87191e-12 5.11579e-12
129155  1.00114 9.68731e-12 5.02011e-12
130351  1.00015 9.50089e-12 4.92345e-12
131559  1.00091 9.33441e-12 4.8372e-12
132777  1.00149 9.16918e-12 4.7516e-12
134007  1.00158 9.00247e-12 4.66515e-12
135248  1.00115 8.83416e-12 4.57795e-12
136501  1.00018 8.66426e-12 4.48991e-12
137765  1.00089 8.51216e-12 4.41115e-12
139041  1.00149 8.36158e-12 4.33309e-12
140329  1.00158 8.20968e-12 4.25438e-12
141629  1.00116 8.05612e-12 4.17478e-12
142940  1.0002 7.90147e-12 4.09465e-12
144264  1.00088 7.76224e-12 4.02248e-12
145601  1.00148 7.62504e-12 3.95143e-12
146949  1.00159 7.48656e-12 3.87961e-12
148310  1.00118 7.34669e-12 3.80708e-12
149684  1.00023 7.20569e-12 3.73402e-12
151070  1.00086 7.07856e-12 3.66816e-12
152470  1.00147 6.95347e-12 3.60325e-12
153882  1.00159 6.82729e-12 3.53785e-12
155307  1.00119 6.69986e-12 3.47178e-12
156746  1.00025 6.5712e-12 3.40512e-12
158197  1.00084 6.45506e-12 3.34493e-12
159663  1.00146 6.3411e-12 3.28583e-12
161141  1.00159 6.22598e-12 3.22621e-12
162634  1.0012 6.1099e-12 3.16604e-12
164140  1.00027 5.99261e-12 3.10522e-12
165661  1.00082 5.88644e-12 3.05024e-12
167195  1.00146 5.78259e-12 2.9965e-12
168744  1.00159 5.67767e-12 2.94215e-12
170307  1.00122 5.57186e-12 2.88746e-12
171884  1.0003 5.46511e-12 2.8322e-12
173476  1.00081 5.36794e-12 2.7818e-12
175083  1.00145 5.27326e-12 2.73268e-12
176704  1.0016 5.17768e-12 2.68311e-12
178341  1.00123 5.08114e-12 2.63303e-12
179993  1.00032 4.98384e-12 2.58262e-12
181660  1.00079 4.89507e-12 2.53666e-12
183343  1.00144 4.80868e-12 2.49187e-12
185041  1.0016 4.72153e-12 2.44668e-12
186755  1.00124 4.63372e-12 2.40124e-12
188484  1.00035 4.54497e-12 2.35524e-12
190230  1.00077 4.46373e-12 2.31316e-12
191992  1.00143 4.38512e-12 2.27249e-12
193770  1.0016 4.30575e-12 2.23138e-12
195565  1.00125 4.22563e-12 2.18983e-12
197376  1.00037 4.14462e-12 2.14781e-12
199205  1.00075 4.07057e-12 2.10943e-12
201050  1.00142 3.99886e-12 2.07229e-12
202912  1.0016 3.92658e-12 2.03479e-12
204791  1.00127 3.8535e-12 1.9969e-12
206688  1.00039 3.77983e-12 1.9587e-12
208602  1.00074 3.71206e-12 1.92357e-12
210535  1.00141 3.64673e-12 1.8897e-12
212485  1.0016 3.58071e-12 1.85546e-12
214453  1.00128 3.51431e-12 1.82117e-12
216439  1.00042 3.4471e-12 1.78624e-12
218444  1.00072 3.38513e-12 1.75421e-12
220467  1.00141 3.32558e-12 1.7233e-12
222509  1.0016 3.26551e-12 1.6922e-12
224570  1.00129 3.20472e-12 1.66069e-12
226650  1.00044 3.14356e-12 1.62904e-12
228749  1.0007 3.0868e-12 1.59959e-12
230868  1.0014 3.03258e-12 1.57154e-12
233006  1.00161 2.97778e-12 1.54312e-12
235164  1.0013 2.92254e-12 1.51455e-12
237342  1.00046 2.86669e-12 1.48561e-12
239541  1.00068 2.81497e-12 1.45879e-12
241759  1.00139 2.76543e-12 1.43309e-12
243999  1.00161 2.71546e-12 1.40724e-12
246259  1.00131 2.66508e-12 1.38108e-12
248539  1.00048 2.61409e-12 1.35465e-12
250842  1.00066 2.56683e-12 1.33019e-12
253165  1.00138 2.52177e-12 1.30678e-12
255510  1.00161 2.47629e-12 1.28318e-12
257876  1.00132 2.43042e-12 1.25939e-12
260265  1.00051 2.3841e-12 1.23541e-12
262675  1.00064 2.34083e-12 1.2129e-12
265108  1.00137 2.29968e-12 1.19163e-12
267564  1.00161 2.2583e-12 1.1702e-12
270042  1.00134 2.21643e-12 1.14852e-12
272543  1.00053 2.1742e-12 1.12669e-12
275068  1.00062 2.13472e-12 1.10621e-12
277615  1.00136 2.09723e-12 1.08676e-12
280187  1.00161 2.05934e-12 1.0671e-12
282782  1.00135 2.02118e-12 1.04728e-12
285401  1.00055 1.98264e-12 1.02728e-12
288044  1.0006 1.94663e-12 1.00862e-12
290712  1.00135 1.91249e-12 9.90993e-13
293405  1.00161 1.87797e-12 9.73049e-13
296123  1.00136 1.84316e-12 9.5497e-13
298865  1.00057 1.80818e-12 9.36927e-13
301633  1.00058 1.7752e-12 9.19839e-13
304427  1.00134 1.74397e-12 9.03667e-13
307247  1.00161 1.71262e-12 8.87427e-13
310093  1.00137 1.6809e-12 8.71003e-13
312965  1.00059 1.64894e-12 8.54442e-13
315864  1.00056 1.61866e-12 8.38811e-13
318789  1.00133 1.59039e-12 8.24149e-13
321742  1.00161 1.56173e-12 8.09248e-13
324722  1.00138 1.53283e-12 7.94363e-13
327729  1.00061 1.50374e-12 7.79283e-13
330765  1.00054 1.4761e-12 7.64942e-13
333829  1.00132 1.45032e-12 7.51513e-13
336921  1.00161 1.42412e-12 7.37938e-13
340041  1.00139 1.39782e-12 7.24298e-13
343191  1.00063 1.3712e-12 7.10412e-13
346369  1.00052 1.34603e-12 6.97382e-13
349578  1.00131 1.32251e-12 6.85163e-13
352815  1.00161 1.29881e-12 6.72895e-13
356083  1.0014 1.27484e-12 6.60471e-13
359381  1.00065 1.25062e-12 6.47906e-13
362710  1.0005 1.22766e-12 6.36039e-13
366070  1.00129 1.20609e-12 6.24832e-13
369460  1.0016 1.18443e-12 6.13649e-13
372882  1.00141 1.16262e-12 6.0236e-13
376336  1.00067 1.14058e-12 5.90946e-13
379822  1.00048 1.1195e-12 5.79999e-13
383340  1.00128 1.09986e-12 5.69827e-13
386890  1.0016 1.08006e-12 5.59589e-13
390474  1.00141 1.0601e-12 5.49219e-13
394090  1.00069 1.03992e-12 5.38794e-13
397740  1.00046 1.02068e-12 5.28846e-13
401424  1.00127 1.00284e-12 5.19553e-13
405142  1.0016 9.84807e-13 5.10262e-13
408895  1.00142 9.66634e-13 5.00816e-13
412682  1.00071 9.48304e-13 4.91418e-13
416504  1.00044 9.30639e-13 4.82214e-13
420362  1.00126 9.14504e-13 4.73836e-13
424256  1.0016 8.98063e-13 4.65371e-13
428185  1.00143 8.81527e-13 4.56699e-13
432151  1.00073 8.64857e-13 4.48042e-13
436154  1.00042 8.48739e-13 4.39636e-13
440194  1.00125 8.33934e-13 4.3194e-13
444271  1.0016 8.1898e-13 4.24208e-13
448386  1.00144 8.03913e-13 4.16416e-13
452539  1.00075 7.88642e-13 4.08455e-13
456730  1.00039 7.73998e-13 4.00917e-13
460960  1.00124 7.60489e-13 3.93879e-13
465230  1.0016 7.47017e-13 3.86987e-13
469539  1.00145 7.33248e-13 3.79808e-13
473888  1.00077 7.19434e-13 3.7267e-13
478277  1.00037 7.0589e-13 3.65661e-13
482707  1.00122 6.93606e-13 3.59314e-13
487178  1.00159 6.8111e-13 3.52867e-13
491690  1.00146 6.68557e-13 3.4638e-13
496244  1.00079 6.55822e-13 3.39816e-13
500841  1.00035 6.43509e-13 3.33444e-13
505480  1.00121 6.32317e-13 3.27639e-13
510162  1.00159 6.21023e-13 3.21687e-13
514887  1.00146 6.09599e-13 3.15822e-13
519656  1.00081 5.98067e-13 3.09784e-13
524469  1.00033 5.86908e-13 3.04008e-13
529327  1.0012 5.76711e-13 2.9871e-13
534229  1.00159 5.66348e-13 2.93369e-13
539177  1.00147 5.55929e-13 2.87952e-13
544171  1.00083 5.45539e-13 2.82577e-13
549212  1.00031 5.35179e-13 2.7716e-13
554299  1.00119 5.25857e-13 2.72368e-13
559433  1.00159 5.16477e-13 2.67529e-13
564614  1.00148 5.0692e-13 2.62537e-13
569844  1.00085 4.97353e-13 2.57611e-13
575122  1.00028 4.87955e-13 2.52728e-13
580449  1.00117 4.79499e-13 2.48382e-13
585825  1.00158 4.70905e-13 2.43908e-13
591251  1.00149 4.62284e-13 2.39446e-13
596727  1.00087 4.53647e-13 2.35021e-13
602254  1.00026 4.45114e-13 2.30614e-13
607832  1.00116 4.37338e-13 2.26545e-13
613462  1.00158 4.29478e-13 2.22482e-13
619144  1.00149 4.21678e-13 2.18489e-13
624879  1.00088 4.13755e-13 2.14329e-13
630667  1.00024 4.05932e-13 2.10251e-13
636508  1.00115 3.98903e-13 2.06651e-13
642403  1.00158 3.91784e-13 2.02971e-13
648353  1.0015 3.84537e-13 1.99134e-13
654359  1.0009 3.77339e-13 1.95512e-13
660419  1.00022 3.70137e-13 1.91724e-13
666536  1.00113 3.63746e-13 1.88411e-13
672710  1.00157 3.57173e-13 1.84949e-13
678941  1.00151 3.50659e-13 1.81631e-13
685229  1.00092 3.44005e-13 1.78172e-13
691576  1.00019 3.37428e-13 1.74726e-13
697981  1.00112 3.31581e-13 1.71682e-13
704446  1.00157 3.25701e-13 1.68632e-13
710971  1.00151 3.19755e-13 1.65499e-13
717556  1.00094 3.13644e-13 1.62379e-13
724202  1.00017 3.07725e-13 1.59284e-13
730910  1.00111 3.0238e-13 1.5649e-13
737680  1.00156 2.97031e-13 1.53722e-13
744512  1.00152 2.91659e-13 1.50909e-13
751408  1.00095 2.86183e-13 1.48045e-13
758368  1.00015 2.80809e-13 1.45305e-13
765392  1.00109 2.75861e-13 1.42751e-13
772481  1.00156 2.70993e-13 1.40249e-13
779636  1.00153 2.66032e-13 1.37673e-13
786857  1.00097 2.61042e-13 1.35108e-13
794145  1.00012 2.55886e-13 1.32393e-13
801501  1.00108 2.51583e-13 1.30267e-13
808924  1.00155 2.47098e-13 1.2791e-13
816417  1.00153 2.4261e-13 1.25613e-13
823979  1.00099 2.38127e-13 1.2328e-13
831610  1.0001 2.33464e-13 1.20808e-13
839313  1.00106 2.2945e-13 1.18815e-13
847087  1.00155 2.25388e-13 1.16706e-13
854933  1.00154 2.2128e-13 1.14584e-13
862851  1.001 2.17185e-13 1.12516e-13
870843  1.00007 2.12957e-13 1.10264e-13
878909  1.00105 2.09295e-13 1.08421e-13
887050  1.00154 2.05543e-13 1.06446e-13
895266  1.00154 2.01862e-13 1.04598e-13
903558  1.00102 1.98034e-13 1.02557e-13
911927  1.00005 1.94204e-13 1.00566e-13
920373  1.00103 1.90826e-13 9.88665e-14
928898  1.00154 1.87429e-13 9.70907e-14
937502  1.00155 1.83995e-13 9.52423e-14
946185  1.00103 1.80413e-13 9.33649e-14
954949  1.00002 1.77003e-13 9.15516e-14
963793  1.00102 1.73884e-13 8.9955e-14
972720  1.00153 1.70802e-13 8.83329e-14
981730  1.00155 1.67692e-13 8.6741e-14
990823  1.00105 1.64592e-13 8.51397e-14
1e+06  1 1.61458e-13 8.35877e-14
